0.0, 0.0
0.6599793635347617, 0.00011191011235955056
1.3199587270695234, 0.00022393258426966293
1.9799380906042852, 0.0003352808988764045
2.639917454139047, 0.0004435955056179775
3.2998968176738086, 0.000551685393258427
3.9598761812085703, 0.0006593258426966292
4.6198555447433325, 0.0007615730337078651
5.279834908278094, 0.000877191011235955
5.939814271812855, 0.0009859550561797752
6.599793635347617, 0.0010846067415730338
7.259772998882379, 0.001191573033707865
7.919752362417141, 0.0012975280898876403
8.579731725951902, 0.0014048314606741573
9.239711089486665, 0.0015182022471910113
9.899690453021426, 0.0016217977528089887
10.559669816556188, 0.0017323595505617977
11.219649180090949, 0.001841011235955056
11.87962854362571, 0.0019517977528089887
12.539607907160473, 0.002057303370786517
13.199587270695234, 0.002166629213483146
13.859566634229996, 0.002272134831460674
14.519545997764759, 0.0023792134831460672
15.17952536129952, 0.002490674157303371
15.839504724834281, 0.0025915730337078653
16.499484088369044, 0.0026986516853932585
17.159463451903804, 0.002812808988764045
17.819442815438567, 0.0029206741573033707
18.47942217897333, 0.0030231460674157305
19.13940154250809, 0.00312123595505618
19.799380906042853, 0.0032279775280898877
20.459360269577612, 0.0033347191011235955
21.119339633112375, 0.003441685393258427
21.779318996647138, 0.003551797752808989
22.439298360181898, 0.003652696629213483
23.09927772371666, 0.003762808988764045
23.75925708725142, 0.0038669662921348314
24.419236450786183, 0.0039715730337078654
25.079215814320946, 0.004081685393258427
25.739195177855706, 0.0041862921348314605
26.39917454139047, 0.00429629213483146
27.059153904925232, 0.004403932584269663
27.71913326845999, 0.004514157303370786
28.379112631994754, 0.004627303370786517
29.039091995529517, 0.0047385393258426965
29.699071359064277, 0.0048398876404494385
30.35905072259904, 0.004949101123595505
31.0190300861338, 0.005061348314606742
31.679009449668563, 0.005163258426966292
32.33898881320332, 0.00527438202247191
32.99896817673809, 0.005385955056179776
33.65894754027285, 0.005489550561797753
34.31892690380761, 0.005591797752808989
34.978906267342374, 0.005704044943820224
35.638885630877134, 0.005808651685393258
36.29886499441189, 0.005915280898876405
36.95884435794666, 0.006023033707865169
37.61882372148142, 0.00612685393258427
38.27880308501618, 0.006234719101123595
38.93878244855094, 0.006342584269662921
39.598761812085705, 0.00645123595505618
40.258741175620465, 0.00656247191011236
40.918720539155224, 0.00666561797752809
41.57869990268999, 0.006772359550561798
42.23867926622475, 0.00686752808988764
42.89865862975951, 0.006953483146067416
43.558637993294276, 0.0070233707865168535
44.218617356829036, 0.007079550561797753
44.878596720363795, 0.0071287640449438205
45.53857608389856, 0.007158202247191011
46.19855544743332, 0.0071814606741573035
46.85853481096808, 0.007196516853932584
47.51851417450284, 0.0072238202247191016
48.17849353803761, 0.007232921348314607
48.838472901572366, 0.007243370786516854
49.498452265107126, 0.007252022471910112
50.15843162864189, 0.007250224719101124
50.81841099217665, 0.007257528089887641
51.47839035571141, 0.007255505617977528
52.13836971924618, 0.00725876404494382
52.79834908278094, 0.007260898876404494
53.4583284463157, 0.007266292134831461
54.118307809850464, 0.007267977528089888
54.77828717338522, 0.007269550561797753
55.43826653691998, 0.007264831460674157
56.09824590045475, 0.007259101123595506
56.75822526398951, 0.007268314606741573
57.41820462752427, 0.0072628089887640445
58.078183991059035, 0.007255505617977528
58.738163354593794, 0.0072508988764044945
59.398142718128554, 0.007257415730337079
60.05812208166331, 0.007256741573033708
60.71810144519808, 0.0072556179775280895
61.37808080873284, 0.007257640449438202
62.0380601722676, 0.007255955056179775
62.698039535802366, 0.007266179775280899
63.358018899337125, 0.007266292134831461
64.01799826287188, 0.00727123595505618
64.67797762640664, 0.007259213483146067
65.3379569899414, 0.007269775280898876
65.99793635347618, 0.00727123595505618
