0.0, 0.0
0.6111173927783174, 0.00014363425925925926
1.222234785556635, 0.00027743055555555556
1.8333521783349522, 0.0004170138888888889
2.44446957111327, 0.0005489583333333334
3.0555869638915873, 0.0006822916666666667
3.6667043566699045, 0.000815162037037037
4.277821749448222, 0.0009469907407407408
4.88893914222654, 0.0010791666666666666
5.500056535004857, 0.0012115740740740741
6.111173927783175, 0.001346875
6.722291320561492, 0.0014802083333333334
7.333408713339809, 0.0016101851851851852
7.9445261061181265, 0.0017436342592592592
8.555643498896444, 0.0018769675925925926
9.166760891674762, 0.0020086805555555557
9.77787828445308, 0.0021408564814814814
10.388995677231396, 0.0022663194444444445
11.000113070009714, 0.0023979166666666667
11.611230462788031, 0.0025278935185185187
12.22234785556635, 0.0026591435185185186
12.833465248344666, 0.002792013888888889
13.444582641122985, 0.002929050925925926
14.055700033901301, 0.003068402777777778
14.666817426679618, 0.003203240740740741
15.277934819457936, 0.0033424768518518517
15.889052212236253, 0.0034707175925925925
16.50016960501457, 0.0036064814814814813
17.111286997792888, 0.0037353009259259258
17.722404390571207, 0.00387337962962963
18.333521783349525, 0.004005439814814815
18.94463917612784, 0.004134490740740741
19.55575656890616, 0.004266898148148148
20.166873961684477, 0.004402430555555555
20.77799135446279, 0.004531944444444444
21.38910874724111, 0.004668518518518519
22.00022614001943, 0.004800347222222222
22.611343532797747, 0.004933796296296296
23.222460925576062, 0.005064004629629629
23.83357831835438, 0.0052012731481481484
24.4446957111327, 0.005332523148148148
25.055813103911014, 0.00546712962962963
25.666930496689332, 0.0055971064814814816
26.27804788946765, 0.005725578703703704
26.88916528224597, 0.005863310185185185
27.500282675024284, 0.005993634259259259
28.111400067802602, 0.006126041666666667
28.72251746058092, 0.0062581018518518515
29.333634853359236, 0.006393981481481481
29.944752246137554, 0.006528703703703704
30.555869638915873, 0.006660300925925926
31.16698703169419, 0.006789351851851852
31.778104424472506, 0.006922453703703704
32.38922181725083, 0.007058912037037037
33.00033921002914, 0.007193287037037037
33.61145660280746, 0.007320138888888889
34.222573995585776, 0.007447685185185185
34.833691388364095, 0.00758912037037037
35.44480878114241, 0.007718287037037037
36.05592617392073, 0.007856018518518519
36.66704356669905, 0.007987847222222223
37.27816095947736, 0.008119097222222222
37.88927835225568, 0.00824699074074074
38.500395745034, 0.008376851851851852
39.11151313781232, 0.008496527777777778
39.722630530590635, 0.008599884259259259
40.33374792336895, 0.008683217592592593
40.94486531614727, 0.00875787037037037
41.55598270892558, 0.008822222222222223
42.1671001017039, 0.008866666666666667
42.77821749448222, 0.008900462962962962
43.38933488726054, 0.008938078703703703
44.00045228003886, 0.008973726851851853
44.611569672817176, 0.008977314814814815
45.222687065595494, 0.008991782407407407
45.833804458373805, 0.008994560185185185
46.444921851152124, 0.009003125
47.05603924393044, 0.009002662037037036
47.66715663670876, 0.009010416666666667
48.27827402948708, 0.009011226851851852
48.8893914222654, 0.009013541666666666
49.500508815043716, 0.009015625
50.11162620782203, 0.009014583333333333
50.722743600600346, 0.00902199074074074
51.333860993378664, 0.009019444444444445
51.94497838615698, 0.009022569444444444
52.5560957789353, 0.00902025462962963
53.16721317171362, 0.009018287037037036
53.77833056449194, 0.00901076388888889
54.38944795727025, 0.009013194444444445
55.00056535004857, 0.009024421296296296
55.611682742826886, 0.009030208333333333
56.222800135605205, 0.009031712962962964
56.83391752838352, 0.009028240740740741
57.44503492116184, 0.009026157407407408
58.05615231394016, 0.009019444444444445
58.66726970671847, 0.009013425925925926
59.27838709949679, 0.00901550925925926
59.88950449227511, 0.009016782407407407
60.50062188505343, 0.009012731481481481
