0.0, 0.0
0.13130284392805558, 0.0015043010752688172
0.26260568785611116, 0.0025908602150537634
0.39390853178416674, 0.003389247311827957
0.5252113757122223, 0.004012903225806452
0.6565142196402779, 0.004650537634408602
0.7878170635683335, 0.005279569892473118
0.919119907496389, 0.0059903225806451615
1.0504227514244446, 0.0066935483870967745
1.1817255953525003, 0.00738494623655914
1.3130284392805558, 0.00808763440860215
1.4443312832086113, 0.008722043010752687
1.575634127136667, 0.009371505376344087
1.7069369710647226, 0.009983870967741936
1.838239814992778, 0.010646236559139785
1.9695426589208336, 0.011301075268817204
2.1008455028488893, 0.011944086021505377
2.232148346776945, 0.012611827956989247
2.3634511907050006, 0.013224193548387097
2.494754034633056, 0.013900537634408601
2.6260568785611116, 0.014540322580645162
2.7573597224891673, 0.015200537634408602
2.8886625664172225, 0.01586505376344086
3.019965410345278, 0.016483333333333332
3.151268254273334, 0.017091397849462366
3.2825710982013896, 0.017731720430107525
3.4138739421294453, 0.01837688172043011
3.5451767860575005, 0.019026344086021506
3.676479629985556, 0.019675806451612904
3.807782473913612, 0.020329032258064515
3.939085317841667, 0.020983870967741937
4.070388161769723, 0.021622043010752687
4.2016910056977785, 0.022297849462365592
4.332993849625834, 0.02294462365591398
4.46429669355389, 0.023573118279569892
4.595599537481945, 0.02420537634408602
4.726902381410001, 0.024875806451612904
4.8582052253380565, 0.02551989247311828
4.989508069266112, 0.026155913978494625
5.120810913194168, 0.02678494623655914
5.252113757122223, 0.02744731182795699
5.383416601050278, 0.02807795698924731
5.5147194449783346, 0.028703763440860217
5.64602228890639, 0.029333870967741937
5.777325132834445, 0.029970967741935483
5.908627976762501, 0.030609677419354837
6.039930820690556, 0.03128279569892473
6.171233664618613, 0.031921505376344084
6.302536508546668, 0.032547849462365594
6.433839352474723, 0.03315860215053763
6.565142196402779, 0.03381451612903226
6.696445040330834, 0.0344483870967742
6.827747884258891, 0.03508064516129032
6.959050728186946, 0.03572956989247312
7.090353572115001, 0.03636989247311828
7.221656416043057, 0.03699462365591398
7.352959259971112, 0.03762956989247312
7.484262103899168, 0.03818494623655914
7.615564947827224, 0.03876397849462366
7.746867791755279, 0.03933924731182796
7.878170635683334, 0.03986344086021505
8.00947347961139, 0.04035537634408602
8.140776323539447, 0.040805913978494625
8.272079167467501, 0.041254838709677416
8.403382011395557, 0.04169139784946237
8.534684855323613, 0.042020967741935485
8.665987699251668, 0.042368279569892475
8.797290543179724, 0.04265322580645161
8.92859338710778, 0.04296559139784946
9.059896231035834, 0.04325
9.19119907496389, 0.043508064516129034
9.322501918891946, 0.0437236559139785
9.453804762820003, 0.04397043010752688
9.585107606748057, 0.04421451612903226
9.716410450676113, 0.04440537634408602
9.84771329460417, 0.04458602150537634
9.979016138532224, 0.044744086021505376
10.11031898246028, 0.04492150537634409
10.241621826388336, 0.045087634408602154
10.37292467031639, 0.04525698924731183
10.504227514244446, 0.045413978494623655
10.635530358172502, 0.04554408602150538
10.766833202100557, 0.04568333333333333
10.898136046028613, 0.04578225806451613
11.029438889956669, 0.04587741935483871
11.160741733884723, 0.04598064516129032
11.29204457781278, 0.046105913978494624
11.423347421740836, 0.046249462365591396
11.55465026566889, 0.04634032258064516
11.685953109596946, 0.04645860215053763
11.817255953525002, 0.046516666666666664
11.948558797453058, 0.04659516129032258
12.079861641381113, 0.04671182795698925
12.211164485309169, 0.04682258064516129
12.342467329237225, 0.04687741935483871
12.47377017316528, 0.046932258064516126
12.605073017093336, 0.04698763440860215
12.736375861021392, 0.047048924731182794
12.867678704949446, 0.04710752688172043
12.998981548877502, 0.04718494623655914
