0.0, 0.0
0.3519974163611535, 0.00012634615384615383
0.703994832722307, 0.00023576923076923078
1.0559922490834606, 0.0003476923076923077
1.407989665444614, 0.00046076923076923074
1.7599870818057675, 0.0005698076923076923
2.111984498166921, 0.0006811538461538462
2.4639819145280746, 0.0007948076923076923
2.815979330889228, 0.0009009615384615384
3.1679767472503815, 0.0010036538461538462
3.519974163611535, 0.0011109615384615385
3.8719715799726884, 0.0012242307692307691
4.223968996333842, 0.0013265384615384615
4.575966412694996, 0.0014340384615384616
4.927963829056149, 0.0015451923076923078
5.279961245417303, 0.0016569230769230769
5.631958661778456, 0.0017628846153846154
5.9839560781396095, 0.0018698076923076923
6.335953494500763, 0.001979807692307692
6.687950910861916, 0.002096923076923077
7.03994832722307, 0.002201923076923077
7.391945743584223, 0.0023048076923076924
7.743943159945377, 0.0024126923076923075
8.09594057630653, 0.0025176923076923076
8.447937992667685, 0.0026242307692307693
8.799935409028837, 0.0027325
9.151932825389991, 0.0028453846153846155
9.503930241751144, 0.0029544230769230767
9.855927658112298, 0.0030653846153846152
10.20792507447345, 0.0031746153846153847
10.559922490834605, 0.003276346153846154
10.911919907195758, 0.0033786538461538463
11.263917323556912, 0.003489230769230769
11.615914739918066, 0.003599230769230769
11.967912156279219, 0.003704423076923077
12.319909572640373, 0.003809423076923077
12.671906989001526, 0.003919038461538462
13.02390440536268, 0.004019807692307692
13.375901821723833, 0.004128076923076923
13.727899238084987, 0.004243846153846154
14.07989665444614, 0.004363461538461538
14.431894070807294, 0.00447076923076923
14.783891487168447, 0.004573846153846154
15.135888903529601, 0.0046825
15.487886319890753, 0.004796923076923077
15.839883736251908, 0.004902115384615385
16.19188115261306, 0.005012307692307693
16.543878568974215, 0.005124423076923077
16.89587598533537, 0.005232307692307692
17.247873401696523, 0.0053384615384615385
17.599870818057674, 0.005441346153846154
17.95186823441883, 0.005551538461538462
18.303865650779983, 0.005659038461538462
18.655863067141137, 0.005766538461538462
19.007860483502288, 0.0058767307692307695
19.359857899863442, 0.005986730769230769
19.711855316224597, 0.006091730769230769
20.06385273258575, 0.006204038461538461
20.4158501489469, 0.006313076923076923
20.767847565308056, 0.006422115384615385
21.11984498166921, 0.006529038461538461
21.471842398030365, 0.006632115384615385
21.823839814391516, 0.006736730769230769
22.17583723075267, 0.006835961538461538
22.527834647113824, 0.006923076923076923
22.87983206347498, 0.0070025
23.231829479836133, 0.007071153846153846
23.583826896197284, 0.007127884615384616
23.935824312558438, 0.007173461538461538
24.287821728919592, 0.007205
24.639819145280747, 0.00723826923076923
24.991816561641897, 0.007251346153846154
25.343813978003052, 0.007266153846153846
25.695811394364206, 0.0072723076923076925
26.04780881072536, 0.007288076923076923
26.39980622708651, 0.007278461538461538
26.751803643447666, 0.007285
27.10380105980882, 0.007284615384615385
27.455798476169974, 0.007286346153846154
27.807795892531125, 0.007287115384615385
28.15979330889228, 0.007287884615384615
28.511790725253434, 0.0072923076923076926
28.863788141614588, 0.0072971153846153845
29.215785557975742, 0.0073007692307692305
29.567782974336893, 0.00729923076923077
29.919780390698048, 0.007290384615384615
30.271777807059202, 0.0072959615384615385
30.623775223420356, 0.007295769230769231
30.975772639781507, 0.007306346153846154
31.32777005614266, 0.007295576923076923
31.679767472503816, 0.007305
32.03176488886497, 0.007308653846153846
32.38376230522612, 0.007317115384615385
32.73575972158728, 0.0073175
33.08775713794843, 0.007314038461538461
33.43975455430958, 0.007311730769230769
33.79175197067074, 0.0073184615384615384
34.14374938703189, 0.0073230769230769235
34.49574680339305, 0.007330384615384615
34.8477442197542, 0.007339807692307692
