0.0, 0.0
0.5962900640207089, 4.8228571428571426e-05
1.1925801280414179, 9.44e-05
1.7888701920621268, 0.00014125714285714286
2.3851602560828358, 0.00018914285714285715
2.9814503201035447, 0.00023817142857142858
3.5777403841242537, 0.00028674285714285717
4.174030448144963, 0.0003321142857142857
4.7703205121656715, 0.00037931428571428573
5.36661057618638, 0.00042148571428571427
5.962900640207089, 0.0004712
6.559190704227799, 0.0005158857142857142
7.155480768248507, 0.0005648
7.751770832269216, 0.0006113142857142857
8.348060896289926, 0.0006598857142857143
8.944350960310635, 0.0007064
9.540641024331343, 0.0007545142857142857
10.136931088352052, 0.0008045714285714286
10.73322115237276, 0.0008491428571428571
11.32951121639347, 0.0008976
11.925801280414179, 0.0009461714285714286
12.522091344434887, 0.0009948571428571428
13.118381408455598, 0.0010476571428571428
13.714671472476306, 0.0010969142857142856
14.310961536497015, 0.0011426285714285715
14.907251600517723, 0.0011896
15.503541664538432, 0.0012379428571428572
16.099831728559142, 0.0012856
16.696121792579852, 0.0013368
17.29241185660056, 0.001381942857142857
17.88870192062127, 0.0014310857142857143
18.484991984641976, 0.0014755428571428572
19.081282048662686, 0.0015217142857142857
19.677572112683396, 0.0015705142857142856
20.273862176704103, 0.0016177142857142857
20.870152240724813, 0.0016633142857142857
21.46644230474552, 0.0017100571428571429
22.06273236876623, 0.0017556571428571429
22.65902243278694, 0.0018009142857142858
23.255312496807647, 0.0018501714285714286
23.851602560828358, 0.001899542857142857
24.447892624849068, 0.001946057142857143
25.044182688869775, 0.0019937142857142857
25.640472752890485, 0.0020417142857142856
26.236762816911195, 0.002090514285714286
26.833052880931902, 0.0021349714285714286
27.429342944952612, 0.0021843428571428573
28.02563300897332, 0.002229028571428571
28.62192307299403, 0.0022781714285714286
29.21821313701474, 0.0023272
29.814503201035446, 0.002375657142857143
30.410793265056157, 0.0024266285714285712
31.007083329076863, 0.0024746285714285715
31.603373393097574, 0.002519542857142857
32.199663457118284, 0.002569142857142857
32.79595352113899, 0.002620457142857143
33.392243585159704, 0.0026677714285714286
33.98853364918041, 0.002715542857142857
34.58482371320112, 0.0027658285714285713
35.181113777221825, 0.002815885714285714
35.77740384124254, 0.0028628571428571427
36.373693905263245, 0.0029104
36.96998396928395, 0.0029578285714285716
37.566274033304666, 0.0030042285714285714
38.16256409732537, 0.0030464
38.75885416134608, 0.0030795428571428573
39.35514422536679, 0.0031101714285714285
39.9514342893875, 0.0031331428571428573
40.547724353408206, 0.003153142857142857
41.14401441742892, 0.0031690285714285715
41.74030448144963, 0.0031757714285714288
42.336594545470334, 0.0031822857142857143
42.93288460949104, 0.0031864
43.529174673511754, 0.0031868571428571428
44.12546473753246, 0.0031881142857142857
44.72175480155317, 0.0031894857142857145
45.31804486557388, 0.0031877714285714286
45.91433492959459, 0.0031941714285714288
46.510624993615295, 0.003189257142857143
47.10691505763601, 0.003194857142857143
47.703205121656715, 0.003190742857142857
48.29949518567742, 0.003195314285714286
48.895785249698136, 0.003190285714285714
49.49207531371884, 0.003192342857142857
50.08836537773955, 0.003192
50.68465544176026, 0.0031965714285714284
51.28094550578097, 0.0031978285714285713
51.87723556980168, 0.0031990857142857143
52.47352563382239, 0.0031970285714285713
53.0698156978431, 0.0031982857142857143
53.666105761863804, 0.0032
54.26239582588451, 0.0031957714285714284
54.858685889905225, 0.003194742857142857
55.45497595392593, 0.0031894857142857145
56.05126601794664, 0.0031904
56.64755608196735, 0.003193942857142857
57.24384614598806, 0.003195657142857143
57.840136210008765, 0.0031966857142857142
58.43642627402948, 0.0031982857142857143
59.032716338050186, 0.003196342857142857
59.62900640207089, 0.0031978285714285713
