0.0, 0.0
0.23811839996279502, 3.2646048109965636e-05
0.47623679992559004, 7.250859106529209e-05
0.714355199888385, 0.00011065292096219931
0.9524735998511801, 0.00014639175257731958
1.1905919998139751, 0.0001824742268041237
1.42871039977677, 0.00021718213058419245
1.6668287997395652, 0.00025326460481099654
1.9049471997023601, 0.00028453608247422683
2.1430655996651553, 0.0003223367697594502
2.3811839996279502, 0.00035463917525773196
2.619302399590745, 0.0003934707903780069
2.85742079955354, 0.00042714776632302403
3.095539199516335, 0.0004577319587628866
3.3336575994791304, 0.0004965635738831615
3.5717759994419254, 0.0005336769759450171
3.8098943994047203, 0.0005714776632302405
4.048012799367515, 0.0006178694158075601
4.286131199330311, 0.0006491408934707904
4.524249599293105, 0.000684192439862543
4.7623679992559005, 0.0007199312714776632
5.000486399218695, 0.0007494845360824742
5.23860479918149, 0.0007845360824742268
5.476723199144286, 0.0008192439862542956
5.71484159910708, 0.0008505154639175257
5.952959999069876, 0.0008852233676975945
6.19107839903267, 0.0009189003436426117
6.4291967989954655, 0.0009556701030927835
6.667315198958261, 0.00099553264604811
6.905433598921055, 0.001031615120274914
7.143551998883851, 0.0010697594501718212
7.381670398846645, 0.0011134020618556702
7.619788798809441, 0.0011426116838487972
7.857907198772236, 0.0011783505154639175
8.09602559873503, 0.001209278350515464
8.334143998697826, 0.0012457044673539518
8.572262398660621, 0.0012872852233676976
8.810380798623415, 0.0013257731958762886
9.04849919858621, 0.0013625429553264605
9.286617598549006, 0.0013993127147766324
9.524735998511801, 0.0014378006872852235
9.762854398474596, 0.0014745704467353951
10.00097279843739, 0.0015106529209621992
10.239091198400185, 0.0015453608247422681
10.47720959836298, 0.0015783505154639175
10.715327998325776, 0.0016168384879725085
10.953446398288571, 0.001649828178694158
11.191564798251365, 0.0016872852233676976
11.42968319821416, 0.001725085910652921
11.667801598176956, 0.0017553264604810996
11.905919998139751, 0.0017962199312714776
12.144038398102547, 0.0018305841924398626
12.38215679806534, 0.0018663230240549829
12.620275198028136, 0.0018989690721649484
12.858393597990931, 0.0019292096219931272
13.096511997953726, 0.001970446735395189
13.334630397916522, 0.0020054982817869415
13.572748797879315, 0.002043642611683849
13.81086719784211, 0.0020759450171821308
14.048985597804906, 0.0021096219931271477
14.287103997767701, 0.0021405498281786943
14.525222397730497, 0.002177319587628866
14.76334079769329, 0.002211340206185567
15.001459197656086, 0.002240549828178694
15.239577597618881, 0.0022731958762886597
15.477695997581677, 0.0023006872852233675
15.715814397544472, 0.002316151202749141
15.953932797507266, 0.0023350515463917525
16.19205119747006, 0.002345704467353952
16.430169597432855, 0.002356701030927835
16.66828799739565, 0.0023718213058419244
16.906406397358445, 0.0023835051546391753
17.144524797321242, 0.0023883161512027492
17.382643197284036, 0.0023965635738831615
17.62076159724683, 0.002400687285223368
17.858879997209627, 0.002418556701030928
18.09699839717242, 0.0024216494845360824
18.335116797135218, 0.0024264604810996563
18.57323519709801, 0.0024319587628865978
18.811353597060805, 0.002436082474226804
19.049471997023602, 0.0024329896907216496
19.287590396986396, 0.002433676975945017
19.525708796949193, 0.0024350515463917527
19.763827196911986, 0.002436082474226804
20.00194559687478, 0.0024367697594501717
20.240063996837577, 0.0024329896907216496
20.47818239680037, 0.0024422680412371136
20.716300796763168, 0.0024460481099656357
20.95441919672596, 0.002447766323024055
21.192537596688755, 0.0024422680412371136
21.430655996651552, 0.002445360824742268
21.668774396614346, 0.0024436426116838487
21.906892796577143, 0.0024446735395189005
22.145011196539937, 0.0024422680412371136
22.38312959650273, 0.0024398625429553266
22.621247996465527, 0.002451546391752577
22.85936639642832, 0.002449484536082474
23.097484796391118, 0.002451890034364261
23.33560319635391, 0.0024536082474226804
23.573721596316705, 0.002454982817869416
