0.0, 0.0
0.34058932790373253, 1.613588110403397e-05
0.6811786558074651, 3.184713375796178e-05
1.0217679837111975, 4.564755838641189e-05
1.3623573116149301, 6.178343949044585e-05
1.7029466395186628, 7.388535031847134e-05
2.043535967422395, 8.747346072186837e-05
2.3841252953261276, 0.00010191082802547771
2.7247146232298602, 0.00011549893842887474
3.065303951133593, 0.00013375796178343948
3.4058932790373255, 0.00015010615711252655
3.7464826069410577, 0.00016687898089171973
4.08707193484479, 0.00018407643312101912
4.427661262748523, 0.0001980891719745223
4.768250590652255, 0.00021443736730360934
5.108839918555988, 0.000229723991507431
5.4494292464597205, 0.00024288747346072186
5.790018574363453, 0.00025668789808917195
6.130607902267186, 0.00027367303609341823
6.471197230170918, 0.000289171974522293
6.811786558074651, 0.0003021231422505308
7.152375885978383, 0.0003191082802547771
7.4929652138821154, 0.0003316348195329087
7.8335545417858485, 0.00034607218683651805
8.17414386968958, 0.00035966029723991506
8.514733197593314, 0.0003740976645435244
8.855322525497046, 0.00038874734607218685
9.195911853400778, 0.00040530785562632694
9.53650118130451, 0.0004191082802547771
9.877090509208243, 0.0004346072186836518
10.217679837111977, 0.0004481953290870488
10.558269165015709, 0.0004626326963906582
10.898858492919441, 0.00047770700636942675
11.239447820823173, 0.0004938428874734607
11.580037148726905, 0.0005065817409766455
11.92062647663064, 0.0005197452229299363
12.261215804534372, 0.0005333333333333334
12.601805132438104, 0.0005494692144373673
12.942394460341836, 0.0005630573248407644
13.282983788245568, 0.0005800424628450106
13.623573116149302, 0.0005932059447983015
13.964162444053034, 0.0006076433121019109
14.304751771956767, 0.0006208067940552017
14.645341099860499, 0.000637791932059448
14.985930427764231, 0.0006507430997876858
15.326519755667963, 0.0006670912951167728
15.667109083571697, 0.0006830148619957538
16.007698411475427, 0.0007
16.34828773937916, 0.0007142250530785563
16.688877067282895, 0.0007267515923566879
17.029466395186628, 0.0007435244161358811
17.37005572309036, 0.0007562632696390658
17.710645050994092, 0.0007753715498938429
18.051234378897824, 0.0007921443736730361
18.391823706801556, 0.0008072186836518047
18.73241303470529, 0.0008208067940552017
19.07300236260902, 0.0008341825902335457
19.413591690512753, 0.0008528662420382166
19.754181018416485, 0.0008645435244161359
20.09477034632022, 0.0008760084925690021
20.435359674223953, 0.00089447983014862
20.775949002127685, 0.00090828025477707
21.116538330031418, 0.0009199575371549894
21.45712765793515, 0.0009369426751592357
21.797716985838882, 0.0009484076433121019
22.138306313742614, 0.0009590233545647558
22.478895641646346, 0.0009679405520169851
22.81948496955008, 0.0009762208067940551
23.16007429745381, 0.0009842887473460722
23.500663625357543, 0.0009925690021231422
23.84125295326128, 0.0009936305732484076
24.18184228116501, 0.000994267515923567
24.522431609068743, 0.0009961783439490445
24.863020936972475, 0.0009968152866242038
25.203610264876207, 0.0009961783439490445
25.54419959277994, 0.0009953290870488322
25.884788920683672, 0.0009974522292993632
26.225378248587404, 0.0009985138004246284
26.565967576491136, 0.0010006369426751591
26.90655690439487, 0.001002335456475584
27.247146232298604, 0.0010048832271762208
27.587735560202336, 0.0010070063694267515
27.92832488810607, 0.0010036093418259024
28.2689142160098, 0.0010036093418259024
28.609503543913533, 0.0010070063694267515
28.950092871817265, 0.0010123142250530787
29.290682199720997, 0.001013375796178344
29.63127152762473, 0.00101380042462845
29.971860855528462, 0.0010118895966029723
30.312450183432194, 0.0010116772823779193
30.653039511335926, 0.0010072186836518047
30.993628839239662, 0.0010142250530785562
31.334218167143394, 0.001013588110403397
31.674807495047126, 0.0010095541401273886
32.015396822950855, 0.0010142250530785562
32.35598615085459, 0.001016135881104034
32.69657547875832, 0.0010171974522292994
33.037164806662055, 0.0010186836518046708
33.37775413456579, 0.0010195329087048833
33.71834346246952, 0.001018895966029724
