0.0, 0.0
0.29427840977800873, 0.0001767605633802817
0.5885568195560175, 0.0003333333333333333
0.8828352293340263, 0.0004924882629107981
1.177113639112035, 0.0006584507042253521
1.4713920488900436, 0.000824413145539906
1.7656704586680525, 0.0009786384976525821
2.059948868446061, 0.0011401408450704225
2.35422727822407, 0.001302112676056338
2.6485056880020785, 0.0014615023474178403
2.942784097780087, 0.001628638497652582
3.237062507558096, 0.0017779342723004694
3.531340917336105, 0.0019253521126760564
3.8256193271141137, 0.002087323943661972
4.119897736892122, 0.0022422535211267607
4.414176146670131, 0.0023950704225352113
4.70845455644814, 0.0025591549295774646
5.002732966226149, 0.0027145539906103288
5.297011376004157, 0.0028723004694835683
5.591289785782166, 0.003036854460093897
5.885568195560174, 0.0031967136150234743
6.1798466053381835, 0.0033507042253521128
6.474125015116192, 0.0035143192488262913
6.768403424894201, 0.0036657276995305165
7.06268183467221, 0.003815962441314554
7.356960244450218, 0.0039892018779342725
7.651238654228227, 0.004136854460093897
7.945517064006236, 0.004292018779342723
8.239795473784245, 0.004441784037558685
8.534073883562254, 0.004592253521126761
8.828352293340261, 0.004748591549295775
9.12263070311827, 0.0049145539906103285
9.41690911289628, 0.005069014084507042
9.711187522674289, 0.005227464788732395
10.005465932452298, 0.005379577464788733
10.299744342230305, 0.005532159624413145
10.594022752008314, 0.005685211267605634
10.888301161786323, 0.005841784037558685
11.182579571564332, 0.005999530516431925
11.47685798134234, 0.006167370892018779
11.771136391120349, 0.006321830985915493
12.065414800898358, 0.006480281690140845
12.359693210676367, 0.006633333333333333
12.653971620454376, 0.006800469483568075
12.948250030232384, 0.006952582159624413
13.242528440010393, 0.0071215962441314555
13.536806849788402, 0.00727206572769953
13.83108525956641, 0.007429107981220658
14.12536366934442, 0.0075870892018779345
14.419642079122427, 0.007742253521126761
14.713920488900436, 0.007887089201877934
15.008198898678446, 0.008048122065727699
15.302477308456455, 0.008195305164319249
15.596755718234462, 0.008353990610328639
15.891034128012471, 0.008504225352112676
16.18531253779048, 0.008661971830985915
16.47959094756849, 0.008817840375586854
16.7738693573465, 0.008965258215962441
17.068147767124508, 0.009125352112676056
17.362426176902517, 0.009273239436619719
17.656704586680522, 0.009425586854460094
17.95098299645853, 0.00957488262910798
18.24526140623654, 0.009720422535211267
18.53953981601455, 0.00986150234741784
18.83381822579256, 0.009984272300469483
19.128096635570568, 0.010102347417840376
19.422375045348577, 0.010210093896713615
19.716653455126586, 0.01028380281690141
20.010931864904595, 0.010359389671361503
20.3052102746826, 0.010414319248826291
20.59948868446061, 0.010462910798122066
20.89376709423862, 0.010513849765258217
21.18804550401663, 0.010543427230046948
21.482323913794637, 0.010558450704225352
21.776602323572646, 0.010577464788732394
22.070880733350656, 0.010591784037558685
22.365159143128665, 0.010611032863849765
22.659437552906674, 0.010615023474178404
22.95371596268468, 0.010634037558685446
23.24799437246269, 0.010637323943661972
23.542272782240698, 0.010638732394366197
23.836551192018707, 0.010630046948356807
24.130829601796716, 0.010621361502347418
24.425108011574725, 0.010630516431924883
24.719386421352734, 0.010618075117370892
25.013664831130743, 0.010633802816901409
25.307943240908752, 0.010632159624413145
25.602221650686758, 0.010633802816901409
25.896500060464767, 0.010639906103286386
26.190778470242776, 0.010643661971830986
26.485056880020785, 0.010637089201877935
26.779335289798794, 0.010640140845070423
27.073613699576804, 0.010638262910798122
27.367892109354813, 0.010656338028169014
27.66217051913282, 0.010637558685446009
27.95644892891083, 0.01063943661971831
28.25072733868884, 0.01064718309859155
28.545005748466846, 0.010647887323943662
28.839284158244855, 0.010649530516431924
29.133562568022864, 0.010645070422535211
