0.0, 0.0
0.2549871992131203, 5.706371191135734e-05
0.5099743984262406, 0.00011329639889196676
0.7649615976393609, 0.00017229916897506926
1.0199487968524812, 0.00023074792243767313
1.2749359960656015, 0.0002966759002770083
1.5299231952787218, 0.0003617728531855956
1.784910394491842, 0.00042354570637119114
2.0398975937049624, 0.00048310249307479227
2.294884792918083, 0.0005462603878116344
2.549871992131203, 0.0006091412742382272
2.804859191344323, 0.0006653739612188365
3.0598463905574436, 0.000724376731301939
3.314833589770564, 0.0007833795013850415
3.569820788983684, 0.000843213296398892
3.8248079881968042, 0.0009083102493074792
4.079795187409925, 0.0009645429362880886
4.334782386623045, 0.001022437673130194
4.589769585836166, 0.0010861495844875346
4.844756785049285, 0.0011498614958448754
5.099743984262406, 0.0012033240997229918
5.3547311834755265, 0.0012645429362880887
5.609718382688646, 0.0013268698060941828
5.864705581901767, 0.0013858725761772854
6.119692781114887, 0.0014498614958448753
6.374679980328008, 0.0015102493074792243
6.629667179541128, 0.0015678670360110803
6.884654378754248, 0.0016282548476454293
7.139641577967368, 0.0016944598337950139
7.394628777180489, 0.0017515235457063712
7.6496159763936085, 0.0018135734072022161
7.904603175606729, 0.0018789473684210527
8.15959037481985, 0.0019357340720221607
8.41457757403297, 0.002001662049861496
8.66956477324609, 0.002064265927977839
8.924551972459211, 0.002120498614958449
9.179539171672332, 0.0021781163434903047
9.43452637088545, 0.0022354570637119113
9.68951357009857, 0.0022966759002770085
9.944500769311691, 0.002354016620498615
10.199487968524812, 0.0024124653739612187
10.454475167737932, 0.0024728531855955677
10.709462366951053, 0.002535180055401662
10.964449566164173, 0.002592797783933518
11.219436765377292, 0.0026590027700831025
11.474423964590413, 0.0027240997229916897
11.729411163803533, 0.0027847645429362883
11.984398363016654, 0.002845706371191136
12.239385562229774, 0.0029094182825484764
12.494372761442895, 0.002971191135734072
12.749359960656015, 0.003036842105263158
13.004347159869136, 0.0030988919667590026
13.259334359082256, 0.0031526315789473683
13.514321558295375, 0.0032047091412742384
13.769308757508496, 0.0032662049861495843
14.024295956721616, 0.0033285318559556788
14.279283155934737, 0.0033911357340720223
14.534270355147857, 0.0034445983379501385
14.789257554360978, 0.003507202216066482
15.044244753574098, 0.003560387811634349
15.299231952787217, 0.003624653739612188
15.554219152000337, 0.003677285318559557
15.809206351213458, 0.0037265927977839335
16.06419355042658, 0.0037867036011080333
16.3191807496397, 0.0038382271468144044
16.574167948852818, 0.0038808864265927976
16.82915514806594, 0.003930747922437673
17.08414234727906, 0.003962049861495845
17.33912954649218, 0.0039869806094182825
17.5941167457053, 0.004003601108033241
17.849103944918422, 0.004020775623268698
18.10409114413154, 0.004043767313019391
18.359078343344663, 0.004050415512465374
18.614065542557782, 0.004059279778393352
18.8690527417709, 0.00406398891966759
19.124039940984023, 0.004062880886426593
19.37902714019714, 0.004068975069252078
19.634014339410264, 0.00406814404432133
19.889001538623383, 0.004068421052631579
20.143988737836505, 0.004059556786703601
20.398975937049624, 0.004059279778393352
20.653963136262742, 0.0040673130193905815
20.908950335475865, 0.004069252077562327
21.163937534688984, 0.004076731301939058
21.418924733902106, 0.004080609418282548
21.673911933115225, 0.004084210526315789
21.928899132328347, 0.004079501385041551
22.183886331541466, 0.004072853185595568
22.438873530754584, 0.004077285318559557
22.693860729967707, 0.0040894736842105265
22.948847929180825, 0.004089196675900277
23.203835128393948, 0.004101939058171745
23.458822327607066, 0.004106094182825485
23.71380952682019, 0.004109141274238227
23.968796726033307, 0.004104709141274239
24.22378392524643, 0.004106925207756232
24.47877112445955, 0.004098891966759003
24.733758323672667, 0.0040966759002770085
24.98874552288579, 0.004094736842105263
25.24373272209891, 0.004095567867036011
