0.0, 0.0
0.2560916822032915, 0.00013810888252148998
0.512183364406583, 0.0002799426934097421
0.7682750466098744, 0.0004140401146131805
1.024366728813166, 0.0005475644699140401
1.2804584110164574, 0.0006859598853868195
1.536550093219749, 0.0008214899713467049
1.7926417754230404, 0.0009570200573065903
2.048733457626332, 0.001102865329512894
2.3048251398296236, 0.0012401146131805158
2.560916822032915, 0.0013808022922636102
2.817008504236206, 0.0015217765042979943
3.073100186439498, 0.001654727793696275
3.3291918686427895, 0.0017845272206303724
3.5852835508460807, 0.0019249283667621777
3.841375233049372, 0.0020679083094555873
4.097466915252664, 0.0022108882521489973
4.353558597455955, 0.0023412607449856734
4.609650279659247, 0.002479942693409742
4.865741961862538, 0.0026114613180515758
5.12183364406583, 0.0027441260744985674
5.377925326269121, 0.002874785100286533
5.634017008472412, 0.0030140401146131804
5.890108690675704, 0.003154154727793696
6.146200372878996, 0.0032882521489971347
6.402292055082287, 0.00342378223495702
6.658383737285579, 0.003564756446991404
6.91447541948887, 0.003697134670487106
7.1705671016921615, 0.0038320916905444126
7.426658783895453, 0.003962177650429799
7.682750466098744, 0.0040911174785100285
7.938842148302036, 0.004227507163323783
8.194933830505327, 0.004355873925501433
8.451025512708618, 0.004496561604584527
8.70711719491191, 0.004628939828080229
8.963208877115202, 0.004765902578796562
9.219300559318494, 0.004906590257879656
9.475392241521785, 0.005037822349570201
9.731483923725076, 0.0051782234957020055
9.987575605928368, 0.0053249283667621775
10.24366728813166, 0.00546676217765043
10.49975897033495, 0.005591690544412608
10.755850652538243, 0.005723209169054441
11.011942334741534, 0.005856446991404011
11.268034016944824, 0.006
11.524125699148117, 0.006138395415472779
11.780217381351408, 0.006270200573065903
12.0363090635547, 0.006411747851002865
12.292400745757991, 0.00655243553008596
12.548492427961282, 0.006688538681948424
12.804584110164575, 0.006819197707736389
13.060675792367865, 0.006958452722063037
13.316767474571158, 0.007087679083094556
13.572859156774449, 0.007226361031518624
13.82895083897774, 0.007360171919770774
14.085042521181032, 0.0074931232091690544
14.341134203384323, 0.007627220630372493
14.597225885587614, 0.007777650429799427
14.853317567790906, 0.007911461318051576
15.109409249994197, 0.008040974212034384
15.365500932197488, 0.008187679083094555
15.62159261440078, 0.00830916905444126
15.877684296604071, 0.008424355300859599
16.133775978807364, 0.008542120343839542
16.389867661010655, 0.008639828080229226
16.645959343213946, 0.008726074498567335
16.902051025417236, 0.008810888252148997
17.15814270762053, 0.008874785100286532
17.41423438982382, 0.008943839541547278
17.670326072027112, 0.009000859598853867
17.926417754230403, 0.009047277936962752
18.182509436433694, 0.009073925501432665
18.43860111863699, 0.009099713467048711
18.69469280084028, 0.009140401146131806
18.95078448304357, 0.009164183381088825
19.20687616524686, 0.009172779369627506
19.46296784745015, 0.009194269340974212
19.719059529653443, 0.009207449856733524
19.975151211856737, 0.009210028653295128
20.231242894060028, 0.009220343839541548
20.48733457626332, 0.00921948424068768
20.74342625846661, 0.00921404011461318
20.9995179406699, 0.009212607449856733
21.255609622873195, 0.009207449856733524
21.511701305076485, 0.009206590257879656
21.767792987279776, 0.009226934097421204
22.023884669483067, 0.009243839541547278
22.279976351686358, 0.009245845272206303
22.53606803388965, 0.009259598853868194
22.792159716092943, 0.00926189111747851
23.048251398296234, 0.009250429799426934
23.304343080499525, 0.009245558739255014
23.560434762702815, 0.009258166189111747
23.816526444906106, 0.009274785100286533
24.0726181271094, 0.009269340974212035
24.32870980931269, 0.00927134670487106
24.584801491515982, 0.009267908309455588
24.840893173719273, 0.00927134670487106
25.096984855922564, 0.00925644699140401
25.35307653812586, 0.009251289398280802
