0.0, 0.0
0.1953358795110641, 0.0004884297520661157
0.3906717590221282, 0.0009161157024793388
0.5860076385331923, 0.0012966942148760331
0.7813435180442564, 0.0016694214876033057
0.9766793975553205, 0.0020293388429752065
1.1720152770663845, 0.002393801652892562
1.3673511565774488, 0.002777272727272727
1.5626870360885128, 0.003143388429752066
1.7580229155995768, 0.0035070247933884297
1.953358795110641, 0.003881404958677686
2.148694674621705, 0.004252892561983471
2.344030554132769, 0.004622727272727273
2.539366433643833, 0.004985950413223141
2.7347023131548975, 0.005372314049586777
2.9300381926659615, 0.005751239669421488
3.1253740721770256, 0.0060975206611570245
3.3207099516880896, 0.006468181818181818
3.5160458311991536, 0.006846694214876033
3.711381710710218, 0.007222727272727273
3.906717590221282, 0.007598760330578512
4.102053469732346, 0.007965702479338843
4.29738934924341, 0.008346280991735537
4.492725228754474, 0.008708677685950413
4.688061108265538, 0.009067768595041322
4.883396987776602, 0.009438429752066116
5.078732867287666, 0.009806611570247934
5.274068746798731, 0.01015702479338843
5.469404626309795, 0.010524380165289256
5.664740505820859, 0.010895454545454545
5.860076385331923, 0.01127396694214876
6.055412264842987, 0.011649586776859504
6.250748144354051, 0.01203099173553719
6.446084023865115, 0.012387603305785123
6.641419903376179, 0.01276404958677686
6.836755782887243, 0.013140495867768595
7.032091662398307, 0.013512809917355371
7.227427541909371, 0.013870247933884297
7.422763421420436, 0.014244214876033058
7.6180993009315, 0.014600413223140495
7.813435180442564, 0.014994214876033057
8.008771059953627, 0.015355371900826446
8.204106939464692, 0.01571404958677686
8.399442818975757, 0.01607768595041322
8.59477869848682, 0.016446280991735538
8.790114577997885, 0.016829338842975206
8.985450457508948, 0.01721900826446281
9.180786337020013, 0.017591322314049588
9.376122216531076, 0.01795909090909091
9.571458096042141, 0.018314876033057852
9.766793975553204, 0.018674380165289255
9.96212985506427, 0.019053305785123965
10.157465734575332, 0.01941694214876033
10.352801614086397, 0.019796280991735537
10.548137493597462, 0.02016776859504132
10.743473373108525, 0.02055495867768595
10.93880925261959, 0.020919421487603305
11.134145132130653, 0.021260743801652892
11.329481011641718, 0.02160702479338843
11.524816891152781, 0.021962809917355372
11.720152770663846, 0.022301239669421487
11.91548865017491, 0.022613223140495867
12.110824529685974, 0.0229297520661157
12.306160409197037, 0.02321694214876033
12.501496288708102, 0.023462809917355373
12.696832168219167, 0.023709504132231406
12.89216804773023, 0.023921487603305785
13.087503927241295, 0.02412272727272727
13.282839806752358, 0.024317768595041322
13.478175686263423, 0.024462396694214877
13.673511565774486, 0.024618181818181817
13.868847445285551, 0.024748760330578514
14.064183324796614, 0.024856611570247933
14.25951920430768, 0.024974793388429752
14.454855083818742, 0.02507603305785124
14.650190963329807, 0.025140909090909092
14.845526842840872, 0.025225619834710743
15.040862722351935, 0.025312396694214877
15.236198601863, 0.025394628099173554
15.431534481374063, 0.0254599173553719
15.626870360885128, 0.025532644628099174
15.822206240396191, 0.025593801652892562
16.017542119907255, 0.0256400826446281
16.21287799941832, 0.0256900826446281
16.408213878929384, 0.025744628099173553
16.603549758440447, 0.02575826446280992
16.798885637951514, 0.025760743801652893
16.994221517462577, 0.025771487603305786
17.18955739697364, 0.025782231404958677
17.384893276484704, 0.025791322314049587
17.58022915599577, 0.02581611570247934
17.775565035506833, 0.025830165289256198
17.970900915017896, 0.02586694214876033
18.16623679452896, 0.025887603305785125
18.361572674040026, 0.02589669421487603
18.55690855355109, 0.025927685950413223
18.752244433062152, 0.025943801652892562
18.94758031257322, 0.025952066115702478
19.142916192084282, 0.025966528925619833
19.338252071595345, 0.02599793388429752
