0.0, 0.0
0.4081791277304258, 0.00022079566003616638
0.8163582554608516, 0.00042224231464737795
1.2245373831912774, 0.0006269439421338155
1.6327165109217032, 0.0008260397830018083
2.040895638652129, 0.0010260397830018082
2.4490747663825547, 0.001216998191681736
2.8572538941129806, 0.0014292947558770344
3.2654330218434064, 0.0016242314647377939
3.6736121495738323, 0.0018224231464737794
4.081791277304258, 0.002030922242314647
4.489970405034684, 0.002231464737793852
4.8981495327651094, 0.002419710669077758
5.306328660495535, 0.0026200723327305608
5.714507788225961, 0.0028175406871609405
6.122686915956387, 0.0030204339963833633
6.530866043686813, 0.0032171790235081374
6.939045171417239, 0.00341374321880651
7.347224299147665, 0.003616998191681736
7.7554034268780905, 0.003816998191681736
8.163582554608515, 0.00401121157323689
8.571761682338941, 0.004203074141048825
8.979940810069367, 0.004409945750452079
9.388119937799793, 0.004605786618444846
9.796299065530219, 0.00480506329113924
10.204478193260645, 0.005019529837251356
10.61265732099107, 0.005217179023508137
11.020836448721496, 0.005410669077757686
11.429015576451922, 0.0056245931283905965
11.837194704182348, 0.00581374321880651
12.245373831912774, 0.006016636528028933
12.6535529596432, 0.006208679927667269
13.061732087373626, 0.006406509945750452
13.469911215104052, 0.006607414104882459
13.878090342834478, 0.006811030741410489
14.286269470564903, 0.007008318264014467
14.69444859829533, 0.007207594936708861
15.102627726025755, 0.0074047016274864375
15.510806853756181, 0.00760253164556962
15.918985981486607, 0.007801989150090416
16.32716510921703, 0.008000723327305606
16.73534423694746, 0.008196564195298373
17.143523364677883, 0.008402169981916818
17.55170249240831, 0.008597830018083183
17.959881620138734, 0.008794213381555154
18.368060747869162, 0.008988245931283907
18.776239875599586, 0.009189330922242315
19.184419003330014, 0.0094
19.592598131060438, 0.009600904159132007
20.000777258790865, 0.009800361663652803
20.40895638652129, 0.00999873417721519
20.817135514251717, 0.010197830018083182
21.22531464198214, 0.010398553345388788
21.63349376971257, 0.010603074141048824
22.041672897442993, 0.010801084990958408
22.44985202517342, 0.010994394213381555
22.858031152903845, 0.011194213381555154
23.266210280634272, 0.01138625678119349
23.674389408364696, 0.011577576853526221
24.082568536095124, 0.011776672694394214
24.490747663825548, 0.011963652802893309
24.898926791555976, 0.012167269439421338
25.3071059192864, 0.012348282097649186
25.715285047016827, 0.012524593128390597
26.12346417474725, 0.01269132007233273
26.531643302477676, 0.012841048824593129
26.939822430208103, 0.012961844484629295
27.348001557938527, 0.013075406871609404
27.756180685668955, 0.013173056057866185
28.16435981339938, 0.013249547920433997
28.572538941129807, 0.013314466546112116
28.98071806886023, 0.013360216998191682
29.38889719659066, 0.013397649186256782
29.797076324321083, 0.013432730560578662
30.20525545205151, 0.013448282097649186
30.613434579781934, 0.01346383363471971
31.021613707512362, 0.013478481012658227
31.429792835242786, 0.013494936708860759
31.837971962973214, 0.01352133815551537
32.24615109070364, 0.013526039783001808
32.65433021843406, 0.0135249547920434
33.06250934616449, 0.013538155515370706
33.47068847389492, 0.013539240506329113
33.878867601625345, 0.013536528028933093
34.287046729355765, 0.01354376130198915
34.69522585708619, 0.013551717902350813
35.10340498481662, 0.01355117540687161
35.51158411254705, 0.013560940325497288
35.91976324027747, 0.013557323688969258
36.327942368007896, 0.013556600361663652
36.736121495738324, 0.01356636528028933
37.14430062346875, 0.013558227848101265
37.55247975119917, 0.013557142857142858
37.9606588789296, 0.013551717902350813
38.36883800666003, 0.013554792043399638
38.777017134390455, 0.013554068716094032
39.185196262120876, 0.01354484629294756
39.5933753898513, 0.013558047016274864
40.00155451758173, 0.013546654611211573
40.40973364531215, 0.01354629294755877
