0.0, 0.0
0.32579101936619387, 0.00011333333333333333
0.6515820387323877, 0.00022580645161290321
0.9773730580985815, 0.0003348387096774194
1.3031640774647755, 0.00044516129032258066
1.6289550968309694, 0.0005524731182795699
1.954746116197163, 0.00066
2.2805371355633572, 0.0007703225806451613
2.606328154929551, 0.0008806451612903226
2.9321191742957446, 0.0009905376344086021
3.257910193661939, 0.0010965591397849462
3.5837012130281325, 0.001203225806451613
3.909492232394326, 0.001312258064516129
4.23528325176052, 0.0014279569892473119
4.5610742711267145, 0.001535268817204301
4.886865290492908, 0.0016470967741935485
5.212656309859102, 0.0017567741935483872
5.538447329225296, 0.0018701075268817205
5.864238348591489, 0.001981505376344086
6.190029367957684, 0.002080215053763441
6.515820387323878, 0.002185806451612903
6.841611406690071, 0.0022972043010752686
7.167402426056265, 0.002410752688172043
7.493193445422459, 0.002521505376344086
7.818984464788652, 0.002634193548387097
8.144775484154847, 0.0027455913978494625
8.47056650352104, 0.002855698924731183
8.796357522887234, 0.0029703225806451614
9.122148542253429, 0.00308752688172043
9.447939561619622, 0.0032055913978494624
9.773730580985816, 0.0033068817204301077
10.09952160035201, 0.003416559139784946
10.425312619718204, 0.0035279569892473117
10.751103639084398, 0.003643225806451613
11.076894658450591, 0.003753978494623656
11.402685677816786, 0.0038649462365591396
11.728476697182979, 0.0039778494623655914
12.054267716549173, 0.004095698924731183
12.380058735915368, 0.004200430107526882
12.70584975528156, 0.004306021505376344
13.031640774647755, 0.004418924731182796
13.357431794013948, 0.0045290322580645165
13.683222813380143, 0.004646666666666667
14.009013832746337, 0.0047501075268817205
14.33480485211253, 0.0048539784946236555
14.660595871478725, 0.004952688172043011
14.986386890844917, 0.005069247311827957
15.312177910211112, 0.005178064516129032
15.637968929577305, 0.005289247311827957
15.9637599489435, 0.00539247311827957
16.289550968309694, 0.005502795698924731
16.615341987675887, 0.005608602150537634
16.94113300704208, 0.005725376344086022
17.266924026408276, 0.005837634408602151
17.59271504577447, 0.005943440860215054
17.91850606514066, 0.006053118279569892
18.244297084506858, 0.006165591397849462
18.57008810387305, 0.0062795698924731184
18.895879123239244, 0.006390752688172043
19.22167014260544, 0.006499784946236559
19.547461161971633, 0.00660494623655914
19.873252181337826, 0.006704516129032258
20.19904320070402, 0.006799569892473118
20.524834220070215, 0.0068997849462365595
20.850625239436408, 0.006989032258064516
21.1764162588026, 0.0070701075268817205
21.502207278168797, 0.007138709677419355
21.82799829753499, 0.007195913978494624
22.153789316901182, 0.007249247311827957
22.479580336267375, 0.007293978494623656
22.80537135563357, 0.007332258064516129
23.131162374999764, 0.007369892473118279
23.456953394365957, 0.007388172043010753
23.782744413732154, 0.007407311827956989
24.108535433098346, 0.007418279569892473
24.43432645246454, 0.007423440860215054
24.760117471830736, 0.007437204301075269
25.08590849119693, 0.007447741935483871
25.41169951056312, 0.0074466666666666665
25.737490529929314, 0.007441290322580645
26.06328154929551, 0.007444516129032258
26.389072568661703, 0.007446021505376344
26.714863588027896, 0.007448817204301075
27.040654607394092, 0.007452043010752688
27.366445626760285, 0.007452043010752688
27.692236646126478, 0.0074524731182795696
28.018027665492674, 0.007451182795698925
28.343818684858867, 0.007456129032258065
28.66960970422506, 0.007453118279569892
28.995400723591253, 0.007463870967741935
29.32119174295745, 0.007458924731182795
29.646982762323642, 0.007449892473118279
29.972773781689835, 0.007459354838709678
30.29856480105603, 0.007461505376344086
30.624355820422224, 0.007452688172043011
30.950146839788417, 0.007441075268817205
31.27593785915461, 0.0074425806451612906
31.601728878520806, 0.0074475268817204305
31.927519897887, 0.007436129032258065
32.253310917253195, 0.007430752688172043
