0.0, 0.0
0.28545658470780433, 0.0003655696202531646
0.5709131694156087, 0.0006860759493670886
0.856369754123413, 0.0010040506329113924
1.1418263388312173, 0.0013053164556962025
1.4272829235390216, 0.0016035443037974685
1.712739508246826, 0.0019162025316455697
1.9981960929546303, 0.0022129113924050634
2.2836526776624346, 0.0025058227848101266
2.569109262370239, 0.002807848101265823
2.8545658470780433, 0.0031055696202531647
3.1400224317858476, 0.003412911392405063
3.425479016493652, 0.003721772151898734
3.7109356012014563, 0.004021772151898734
3.9963921859092606, 0.0043205063291139245
4.281848770617065, 0.004620253164556962
4.567305355324869, 0.004900253164556962
4.852761940032673, 0.0052124050632911395
5.138218524740478, 0.005536202531645569
5.423675109448283, 0.005841012658227848
5.709131694156087, 0.006141772151898734
5.9945882788638905, 0.006427594936708861
6.280044863571695, 0.006707848101265823
6.5655014482795, 0.00700126582278481
6.850958032987304, 0.007307088607594937
7.136414617695108, 0.007618227848101265
7.4218712024029125, 0.007916455696202532
7.707327787110717, 0.008226075949367088
7.992784371818521, 0.008529620253164557
8.278240956526325, 0.00882506329113924
8.56369754123413, 0.00910987341772152
8.849154125941935, 0.009408607594936709
9.134610710649739, 0.009723797468354431
9.420067295357542, 0.010021012658227848
9.705523880065346, 0.010311645569620253
9.990980464773152, 0.010633924050632912
10.276437049480956, 0.01094
10.56189363418876, 0.011226329113924051
10.847350218896565, 0.011522784810126582
11.13280680360437, 0.011832151898734176
11.418263388312173, 0.0121273417721519
11.703719973019977, 0.012428860759493671
11.989176557727781, 0.012721772151898734
12.274633142435587, 0.013033164556962025
12.56008972714339, 0.013335949367088607
12.845546311851194, 0.013649873417721519
13.131002896559, 0.013940253164556961
13.416459481266804, 0.014240759493670886
13.701916065974608, 0.014548607594936709
13.987372650682412, 0.014857215189873417
14.272829235390216, 0.015160506329113924
14.558285820098021, 0.015455443037974683
14.843742404805825, 0.015761518987341773
15.129198989513629, 0.01604911392405063
15.414655574221435, 0.0163546835443038
15.700112158929239, 0.016664303797468354
15.985568743637042, 0.016963037974683546
16.271025328344848, 0.017249620253164556
16.55648191305265, 0.017542278481012658
16.841938497760456, 0.017836962025316455
17.12739508246826, 0.01814101265822785
17.412851667176064, 0.018414430379746837
17.69830825188387, 0.01866987341772152
17.98376483659167, 0.018929620253164556
18.269221421299477, 0.019165569620253165
18.554678006007283, 0.019397974683544303
18.840134590715085, 0.01956379746835443
19.12559117542289, 0.019741518987341774
19.411047760130693, 0.01990354430379747
19.696504344838498, 0.020041772151898733
19.981960929546304, 0.02014379746835443
20.267417514254106, 0.02024
20.55287409896191, 0.020324556962025318
20.838330683669717, 0.020393164556962027
21.12378726837752, 0.020461772151898733
21.409243853085325, 0.02050860759493671
21.69470043779313, 0.020567341772151897
21.980157022500933, 0.02061493670886076
22.26561360720874, 0.020625569620253165
22.55107019191654, 0.020671898734177217
22.836526776624346, 0.02070506329113924
23.121983361332152, 0.02073240506329114
23.407439946039954, 0.020772911392405065
23.69289653074776, 0.020789620253164557
23.978353115455562, 0.020797215189873416
24.263809700163367, 0.020825569620253163
24.549266284871173, 0.020853417721518986
24.834722869578975, 0.020861518987341773
25.12017945428678, 0.020865569620253165
25.405636038994587, 0.020870379746835442
25.69109262370239, 0.020893417721518988
25.976549208410194, 0.020899746835443038
26.262005793118, 0.02090860759493671
26.547462377825802, 0.02089240506329114
26.832918962533608, 0.020892658227848103
27.11837554724141, 0.02089746835443038
27.403832131949216, 0.020915696202531645
27.68928871665702, 0.02091620253164557
27.974745301364823, 0.020913417721518987
28.26020188607263, 0.020914177215189872
