0.0, 0.0
0.34159169261291483, 9.182242990654205e-05
0.6831833852258297, 0.00018271028037383178
1.0247750778387446, 0.0002719626168224299
1.3663667704516593, 0.00035514018691588787
1.707958463064574, 0.00043925233644859815
2.049550155677489, 0.0005294392523364486
2.391141848290404, 0.0006156542056074767
2.7327335409033187, 0.0007025700934579439
3.0743252335162334, 0.0007934579439252337
3.415916926129148, 0.0008857476635514019
3.757508618742063, 0.0009705607476635514
4.099100311354978, 0.001066822429906542
4.440692003967893, 0.0011537383177570094
4.782283696580808, 0.001241588785046729
5.1238753891937225, 0.0013313084112149534
5.465467081806637, 0.0014165887850467289
5.807058774419552, 0.001502803738317757
6.148650467032467, 0.0015890186915887851
6.490242159645382, 0.0016773364485981308
6.831833852258296, 0.0017705607476635513
7.173425544871211, 0.001863785046728972
7.515017237484126, 0.0019567757009345795
7.856608930097041, 0.0020455607476635514
8.198200622709956, 0.002135981308411215
8.53979231532287, 0.002227570093457944
8.881384007935786, 0.0023161214953271027
9.2229757005487, 0.0024128504672897197
9.564567393161616, 0.0025046728971962616
9.90615908577453, 0.002594626168224299
10.247750778387445, 0.002689252336448598
10.589342471000359, 0.002775233644859813
10.930934163613275, 0.0028677570093457944
11.27252585622619, 0.0029544392523364487
11.614117548839104, 0.0030411214953271026
11.95570924145202, 0.0031264018691588786
12.297300934064934, 0.0032147196261682245
12.63889262667785, 0.003308177570093458
12.980484319290763, 0.0033960280373831774
13.322076011903679, 0.0034878504672897197
13.663667704516593, 0.003575
14.005259397129509, 0.0036626168224299063
14.346851089742422, 0.0037478971962616823
14.688442782355338, 0.003833878504672897
15.030034474968252, 0.003922429906542056
15.371626167581168, 0.004016588785046729
15.713217860194082, 0.0041077102803738315
16.054809552806997, 0.004192757009345794
16.396401245419913, 0.004272663551401869
16.73799293803283, 0.004364953271028037
17.07958463064574, 0.0044521028037383175
17.421176323258656, 0.004538785046728972
17.762768015871572, 0.004629906542056075
18.104359708484488, 0.004714719626168224
18.4459514010974, 0.004799766355140187
18.787543093710315, 0.00489018691588785
19.12913478632323, 0.004974065420560747
19.470726478936147, 0.005054906542056075
19.81231817154906, 0.005137850467289719
20.153909864161974, 0.005227102803738318
20.49550155677489, 0.005314719626168224
20.837093249387806, 0.005398831775700935
21.178684942000718, 0.005482476635514019
21.520276634613634, 0.005561682242990655
21.86186832722655, 0.005626635514018692
22.203460019839465, 0.0056904205607476634
22.54505171245238, 0.0057383177570093456
22.886643405065293, 0.005783644859813084
23.22823509767821, 0.005823598130841121
23.569826790291124, 0.005866355140186916
23.91141848290404, 0.005894392523364486
24.253010175516952, 0.005910280373831776
24.594601868129867, 0.005923831775700935
24.936193560742783, 0.005940654205607476
25.2777852533557, 0.005948364485981308
25.61937694596861, 0.005951168224299065
25.960968638581527, 0.005961448598130841
26.302560331194442, 0.005957943925233645
26.644152023807358, 0.005956542056074766
26.98574371642027, 0.005960514018691589
27.327335409033186, 0.005958411214953271
27.6689271016461, 0.005951635514018692
28.010518794259017, 0.005958177570093458
28.352110486871933, 0.005952102803738318
28.693702179484845, 0.005960514018691589
29.03529387209776, 0.005954205607476636
29.376885564710676, 0.005953971962616823
29.718477257323592, 0.005961448598130841
30.060068949936504, 0.005961448598130841
30.40166064254942, 0.005960046728971963
30.743252335162335, 0.005956308411214953
31.08484402777525, 0.005957476635514019
31.426435720388163, 0.005948831775700935
31.76802741300108, 0.005955373831775701
32.109619105613994, 0.005954672897196262
32.45121079822691, 0.005944626168224299
32.792802490839826, 0.005936682242990654
33.13439418345274, 0.005935747663551402
33.47598587606566, 0.005937616822429907
33.817577568678566, 0.005933878504672897
