0.0, 0.0
0.15253401187940022, 0.00015679611650485436
0.30506802375880043, 0.0003092233009708738
0.4576020356382007, 0.0004587378640776699
0.6101360475176009, 0.0006145631067961165
0.762670059397001, 0.0007679611650485437
0.9152040712764014, 0.0008980582524271845
1.0677380831558014, 0.0010398058252427185
1.2202720950352017, 0.0011805825242718446
1.372806106914602, 0.0013184466019417476
1.525340118794002, 0.0014655339805825242
1.6778741306734024, 0.0015941747572815535
1.8304081425528027, 0.0017140776699029127
1.9829421544322028, 0.0018606796116504855
2.135476166311603, 0.0020101941747572814
2.288010178191003, 0.002154368932038835
2.4405441900704035, 0.0022936893203883493
2.5930782019498038, 0.0024344660194174756
2.745612213829204, 0.0025946601941747574
2.898146225708604, 0.0027393203883495144
3.050680237588004, 0.0028951456310679614
3.2032142494674045, 0.003027669902912621
3.355748261346805, 0.0031723300970873786
3.508282273226205, 0.003316504854368932
3.6608162851056054, 0.0034611650485436895
3.8133502969850053, 0.0036
3.9658843088644056, 0.0037364077669902913
4.118418320743806, 0.003883980582524272
4.270952332623206, 0.004020873786407767
4.4234863445026065, 0.004165533980582524
4.576020356382006, 0.004306310679611651
4.728554368261407, 0.004436893203883495
4.881088380140807, 0.0045650485436893205
5.033622392020207, 0.004708252427184466
5.1861564038996075, 0.00485
5.338690415779007, 0.004985922330097087
5.491224427658408, 0.005143689320388349
5.643758439537808, 0.005282038834951456
5.796292451417208, 0.0054199029126213594
5.948826463296609, 0.005563106796116505
6.101360475176008, 0.005702427184466019
6.253894487055409, 0.0058436893203883495
6.406428498934809, 0.005986893203883495
6.558962510814209, 0.006131067961165048
6.71149652269361, 0.006263106796116505
6.8640305345730095, 0.006425728155339806
7.01656454645241, 0.006579611650485437
7.16909855833181, 0.00672378640776699
7.321632570211211, 0.006870388349514563
7.474166582090611, 0.007017961165048544
7.6267005939700105, 0.007137864077669903
7.779234605849411, 0.007278640776699029
7.931768617728811, 0.007409223300970874
8.084302629608212, 0.007560194174757282
8.236836641487612, 0.007701941747572816
8.389370653367012, 0.007845145631067961
8.541904665246411, 0.007984466019417475
8.694438677125813, 0.008112135922330097
8.846972689005213, 0.008233495145631068
8.999506700884613, 0.008355339805825243
9.152040712764013, 0.008488349514563107
9.304574724643413, 0.008609223300970874
9.457108736522814, 0.008729126213592233
9.609642748402214, 0.008832524271844661
9.762176760281614, 0.008938834951456311
9.914710772161014, 0.00901747572815534
10.067244784040414, 0.009089320388349514
10.219778795919815, 0.009177184466019417
10.372312807799215, 0.009232038834951457
10.524846819678615, 0.009289805825242718
10.677380831558015, 0.009345145631067961
10.829914843437415, 0.009375728155339805
10.982448855316816, 0.009410679611650485
11.134982867196216, 0.00941504854368932
11.287516879075616, 0.009423300970873787
11.440050890955016, 0.009457281553398058
11.592584902834416, 0.009492718446601942
11.745118914713817, 0.009487864077669902
11.897652926593217, 0.009516990291262135
12.050186938472617, 0.009533009708737864
12.202720950352017, 0.009544660194174758
12.355254962231417, 0.009535436893203884
12.507788974110818, 0.009534466019417476
12.660322985990218, 0.009530582524271844
12.812856997869618, 0.00955242718446602
12.965391009749018, 0.009562135922330097
13.117925021628418, 0.009544660194174758
13.27045903350782, 0.00954126213592233
13.42299304538722, 0.00953883495145631
13.57552705726662, 0.00952864077669903
13.728061069146019, 0.009516019417475728
13.880595081025419, 0.009516990291262135
14.03312909290482, 0.009521844660194175
14.18566310478422, 0.009507281553398058
14.33819711666362, 0.009524271844660195
14.49073112854302, 0.009510679611650485
14.643265140422422, 0.00950873786407767
14.795799152301822, 0.009527184466019417
14.948333164181221, 0.009525728155339806
15.100867176060621, 0.009543203883495145
