0.0, 0.0
0.28043630817251, 5.8865248226950354e-05
0.56087261634502, 0.00011773049645390071
0.8413089245175299, 0.0001747044917257683
1.12174523269004, 0.0002288416075650118
1.40218154086255, 0.00027872340425531914
1.6826178490350598, 0.00032907801418439716
1.9630541572075697, 0.00038581560283687945
2.24349046538008, 0.0004366430260047281
2.52392677355259, 0.00048605200945626477
2.8043630817251, 0.0005468085106382979
3.0847993898976096, 0.000598581560283688
3.3652356980701197, 0.0006546099290780142
3.6456720062426298, 0.0007063829787234043
3.9261083144151394, 0.0007640661938534279
4.20654462258765, 0.0008174940898345154
4.48698093076016, 0.000868321513002364
4.767417238932669, 0.0009260047281323877
5.04785354710518, 0.0009801418439716312
5.328289855277689, 0.0010328605200945627
5.6087261634502, 0.0010874704491725768
5.88916247162271, 0.0011371158392434989
6.169598779795219, 0.0011907801418439717
6.45003508796773, 0.001242789598108747
6.730471396140239, 0.0012893617021276596
7.010907704312749, 0.0013472813238770685
7.2913440124852595, 0.001400709219858156
7.571780320657769, 0.00145177304964539
7.852216628830279, 0.001510401891252955
8.132652937002788, 0.001562647754137116
8.4130892451753, 0.0016141843971631206
8.69352555334781, 0.0016664302600472812
8.97396186152032, 0.0017189125295508274
9.254398169692829, 0.0017680851063829788
9.534834477865338, 0.0018224586288416076
9.81527078603785, 0.001882033096926714
10.09570709421036, 0.0019416075650118202
10.37614340238287, 0.0019955082742316786
10.656579710555379, 0.0020527186761229313
10.937016018727888, 0.0021059101654846337
11.2174523269004, 0.0021626477541371158
11.49788863507291, 0.0022156028368794326
11.77832494324542, 0.002267612293144208
12.058761251417929, 0.002326241134751773
12.339197559590438, 0.002378486997635934
12.619633867762948, 0.0024319148936170214
12.90007017593546, 0.002485579196217494
13.180506484107969, 0.002539952718676123
13.460942792280479, 0.0025966903073286053
13.741379100452988, 0.0026531914893617023
14.021815408625498, 0.002698108747044917
14.30225171679801, 0.002751063829787234
14.582688024970519, 0.0028070921985815602
14.863124333143029, 0.002862647754137116
15.143560641315538, 0.0029174940898345153
15.423996949488048, 0.002972340425531915
15.704433257660558, 0.003024822695035461
15.984869565833069, 0.003076595744680851
16.265305874005577, 0.0031354609929078016
16.54574218217809, 0.0031886524822695036
16.8261784903506, 0.003240661938534279
17.106614798523108, 0.003298581560283688
17.38705110669562, 0.003345390070921986
17.667487414868127, 0.0033867612293144206
17.94792372304064, 0.003425295508274232
18.22836003121315, 0.0034612293144208038
18.508796339385658, 0.0034898345153664303
18.78923264755817, 0.0035108747044917256
19.069668955730677, 0.003531678486997636
19.35010526390319, 0.0035524822695035463
19.6305415720757, 0.0035638297872340424
19.910977880248208, 0.0035761229314420803
20.19141418842072, 0.0035869976359338062
20.471850496593227, 0.003595981087470449
20.75228680476574, 0.0036028368794326243
21.03272311293825, 0.003608274231678487
21.313159421110758, 0.0036141843971631204
21.59359572928327, 0.0036148936170212766
21.874032037455777, 0.003616548463356974
22.15446834562829, 0.003608274231678487
22.4349046538008, 0.0036106382978723403
22.715340961973308, 0.003605437352245863
22.99577727014582, 0.0036073286052009457
23.276213578318327, 0.003614420803782506
23.55664988649084, 0.003614657210401891
23.837086194663346, 0.0036153664302600473
24.117522502835858, 0.00362434988179669
24.39795881100837, 0.0036264775413711583
24.678395119180877, 0.003624113475177305
24.958831427353388, 0.003622695035460993
25.239267735525896, 0.003626950354609929
25.519704043698408, 0.003633096926713948
25.80014035187092, 0.0036335697399527186
26.080576660043427, 0.0036397163120567375
26.361012968215938, 0.0036437352245862883
26.641449276388446, 0.003640189125295508
26.921885584560957, 0.0036356973995271867
27.20232189273347, 0.0036354609929078016
27.482758200905977, 0.0036307328605200946
27.763194509078488, 0.003632387706855792
