0.0, 0.0
0.05999809988902806, 0.00013835616438356166
0.11999619977805612, 0.00030821917808219177
0.1799942996670842, 0.0004726027397260274
0.23999239955611223, 0.0006178082191780822
0.2999904994451403, 0.000773972602739726
0.3599885993341684, 0.0009027397260273972
0.4199866992231964, 0.001047945205479452
0.47998479911222447, 0.0011917808219178083
0.5399828990012525, 0.001326027397260274
0.5999809988902806, 0.0014753424657534247
0.6599790987793086, 0.001632876712328767
0.7199771986683368, 0.0017726027397260275
0.7799752985573648, 0.0019095890410958903
0.8399733984463928, 0.0020753424657534245
0.8999714983354209, 0.0022191780821917808
0.9599695982244489, 0.0023383561643835617
1.019967698113477, 0.0024794520547945205
1.079965798002505, 0.002621917808219178
1.1399638978915332, 0.002736986301369863
1.1999619977805611, 0.0028753424657534245
1.2599600976695893, 0.0030287671232876712
1.3199581975586172, 0.003152054794520548
1.3799562974476454, 0.0033164383561643837
1.4399543973366735, 0.003452054794520548
1.4999524972257015, 0.0035767123287671235
1.5599505971147296, 0.003697260273972603
1.6199486970037575, 0.0038575342465753423
1.6799467968927857, 0.0039917808219178084
1.7399448967818136, 0.004132876712328767
1.7999429966708418, 0.00426027397260274
1.8599410965598697, 0.004406849315068493
1.9199391964488979, 0.00453013698630137
1.979937296337926, 0.0046520547945205475
2.039935396226954, 0.00479041095890411
2.099933496115982, 0.004921917808219178
2.15993159600501, 0.005067123287671233
2.219929695894038, 0.005198630136986302
2.2799277957830664, 0.00533972602739726
2.3399258956720943, 0.005476712328767124
2.3999239955611222, 0.005619178082191781
2.4599220954501506, 0.005780821917808219
2.5199201953391785, 0.0059082191780821915
2.5799182952282065, 0.006063013698630137
2.6399163951172344, 0.0062054794520547945
2.699914495006263, 0.006358904109589041
2.7599125948952907, 0.006506849315068493
2.8199106947843187, 0.006661643835616438
2.879908794673347, 0.006784931506849315
2.939906894562375, 0.006904109589041096
2.999904994451403, 0.00705068493150685
3.059903094340431, 0.007171232876712329
3.119901194229459, 0.007316438356164383
3.179899294118487, 0.007431506849315069
3.239897394007515, 0.00756986301369863
3.299895493896543, 0.007698630136986301
3.3598935937855714, 0.00783013698630137
3.4198916936745993, 0.007946575342465753
3.4798897935636273, 0.008047945205479452
3.5398878934526556, 0.008153424657534247
3.5998859933416836, 0.008252054794520548
3.6598840932307115, 0.008365753424657535
3.7198821931197394, 0.008487671232876713
3.779880293008768, 0.00854931506849315
3.8398783928977958, 0.008643835616438356
3.8998764927868237, 0.008743835616438355
3.959874592675852, 0.008808219178082192
4.01987269256488, 0.008867123287671233
4.079870792453908, 0.008956164383561643
4.139868892342936, 0.009
4.199866992231964, 0.009052054794520549
4.259865092120992, 0.009097260273972603
4.31986319201002, 0.009127397260273973
4.379861291899048, 0.009124657534246575
4.439859391788076, 0.009157534246575342
4.499857491677105, 0.00918904109589041
4.559855591566133, 0.009247945205479452
4.619853691455161, 0.009287671232876712
4.679851791344189, 0.00930958904109589
4.7398498912332165, 0.009278082191780822
4.7998479911222445, 0.009291780821917808
4.859846091011272, 0.009315068493150684
4.919844190900301, 0.00935890410958904
4.979842290789329, 0.009386301369863013
5.039840390678357, 0.009394520547945205
5.099838490567385, 0.009408219178082192
5.159836590456413, 0.009419178082191781
5.219834690345441, 0.009447945205479452
5.279832790234469, 0.00946986301369863
5.339830890123498, 0.00949041095890411
5.399828990012526, 0.009475342465753425
5.4598270899015535, 0.009526027397260274
5.5198251897905815, 0.009512328767123287
5.579823289679609, 0.009515068493150685
5.639821389568637, 0.009508219178082191
5.699819489457665, 0.009513698630136987
5.759817589346694, 0.009497260273972602
5.819815689235722, 0.009515068493150685
5.87981378912475, 0.009517808219178083
5.939811889013778, 0.009498630136986302
