0.0, 0.0
0.5079615079700558, 2.3142857142857142e-05
1.0159230159401116, 4.885714285714286e-05
1.5238845239101675, 7.471428571428572e-05
2.031846031880223, 9.828571428571429e-05
2.539807539850279, 0.00012485714285714286
3.047769047820335, 0.000152
3.5557305557903907, 0.00017814285714285716
4.063692063760446, 0.00020228571428571428
4.5716535717305025, 0.00022714285714285715
5.079615079700558, 0.0002517142857142857
5.587576587670614, 0.00027685714285714287
6.09553809564067, 0.00029985714285714284
6.603499603610725, 0.00032542857142857146
7.111461111580781, 0.00035342857142857143
7.6194226195508366, 0.0003762857142857143
8.127384127520893, 0.00039785714285714283
8.635345635490948, 0.000429
9.143307143461005, 0.0004532857142857143
9.65126865143106, 0.00047485714285714286
10.159230159401115, 0.0004982857142857142
10.667191667371172, 0.0005244285714285714
11.175153175341228, 0.0005492857142857143
11.683114683311283, 0.0005734285714285714
12.19107619128134, 0.0005975714285714285
12.699037699251395, 0.0006201428571428572
13.20699920722145, 0.0006467142857142857
13.714960715191506, 0.000672
14.222922223161563, 0.000698
14.730883731131618, 0.0007245714285714286
15.238845239101673, 0.0007507142857142858
15.74680674707173, 0.0007762857142857143
16.254768255041785, 0.0008025714285714285
16.76272976301184, 0.0008267142857142858
17.270691270981896, 0.0008517142857142857
17.77865277895195, 0.0008804285714285714
18.28661428692201, 0.0009048571428571429
18.794575794892065, 0.0009291428571428571
19.30253730286212, 0.0009551428571428571
19.810498810832176, 0.000978
20.31846031880223, 0.0010007142857142858
20.826421826772286, 0.0010267142857142857
21.334383334742345, 0.001055
21.8423448427124, 0.0010757142857142857
22.350306350682455, 0.0011
22.85826785865251, 0.0011252857142857143
23.366229366622566, 0.0011505714285714285
23.87419087459262, 0.0011745714285714285
24.38215238256268, 0.0011994285714285713
24.890113890532735, 0.0012241428571428572
25.39807539850279, 0.0012512857142857143
25.906036906472846, 0.0012757142857142856
26.4139984144429, 0.0012994285714285714
26.921959922412956, 0.0013254285714285714
27.42992143038301, 0.0013492857142857143
27.93788293835307, 0.0013707142857142857
28.445844446323125, 0.0013981428571428571
28.95380595429318, 0.0014232857142857144
29.461767462263236, 0.001449857142857143
29.96972897023329, 0.0014771428571428572
30.477690478203346, 0.0015008571428571428
30.985651986173405, 0.001525
31.49361349414346, 0.0015518571428571428
32.00157500211351, 0.001576
32.50953651008357, 0.0016007142857142856
33.01749801805363, 0.0016152857142857143
33.52545952602368, 0.0016334285714285715
34.03342103399374, 0.001648
34.54138254196379, 0.0016571428571428572
35.04934404993385, 0.0016651428571428572
35.5573055579039, 0.0016661428571428571
36.06526706587396, 0.0016704285714285714
36.57322857384402, 0.001676
37.08119008181407, 0.0016781428571428572
37.58915158978413, 0.0016787142857142858
38.09711309775418, 0.001679
38.60507460572424, 0.0016787142857142858
39.1130361136943, 0.0016795714285714285
39.62099762166435, 0.0016822857142857143
40.12895912963441, 0.0016791428571428571
40.63692063760446, 0.0016797142857142857
41.14488214557452, 0.0016857142857142856
41.65284365354457, 0.0016781428571428572
42.16080516151463, 0.0016782857142857142
42.66876666948469, 0.001683
43.17672817745474, 0.0016827142857142856
43.6846896854248, 0.001685
44.19265119339485, 0.0016838571428571428
44.70061270136491, 0.0016798571428571429
45.20857420933496, 0.0016817142857142857
45.71653571730502, 0.001683
46.22449722527508, 0.0016842857142857143
46.73245873324513, 0.0016838571428571428
47.24042024121519, 0.0016855714285714286
47.74838174918524, 0.0016838571428571428
48.2563432571553, 0.001682
48.76430476512536, 0.001682
49.27226627309541, 0.0016811428571428572
49.78022778106547, 0.001682
50.28818928903552, 0.0016772857142857143
