0.0, 0.0
0.23125578550806783, 0.00032608695652173916
0.46251157101613566, 0.0006177018633540373
0.6937673565242035, 0.0008987577639751553
0.9250231420322713, 0.001181055900621118
1.1562789275403391, 0.0014531055900621117
1.387534713048407, 0.0017245341614906832
1.6187904985564747, 0.0020059006211180126
1.8500462840645426, 0.0022894409937888197
2.0813020695726103, 0.0025732919254658386
2.3125578550806782, 0.002846583850931677
2.543813640588746, 0.003127950310559006
2.775069426096814, 0.003424223602484472
3.006325211604882, 0.0037012422360248446
3.2375809971129494, 0.00398416149068323
3.4688367826210174, 0.00425776397515528
3.7000925681290853, 0.004529813664596274
3.931348353637153, 0.004817701863354037
4.162604139145221, 0.0050987577639751555
4.393859924653289, 0.005356521739130435
4.6251157101613565, 0.005649378881987578
4.856371495669425, 0.005929813664596273
5.087627281177492, 0.00622360248447205
5.31888306668556, 0.006488198757763975
5.550138852193628, 0.006758695652173913
5.781394637701696, 0.007051552795031056
6.012650423209764, 0.007336024844720497
6.243906208717831, 0.007618633540372671
6.475161994225899, 0.007900621118012423
6.706417779733967, 0.008194409937888199
6.937673565242035, 0.008480434782608695
7.168929350750103, 0.00877142857142857
7.4001851362581705, 0.009046273291925465
7.631440921766238, 0.009333540372670807
7.862696707274306, 0.009626708074534161
8.093952492782375, 0.009909316770186336
8.325208278290441, 0.010182608695652174
8.55646406379851, 0.010455900621118012
8.787719849306578, 0.01073975155279503
9.018975634814645, 0.01102391304347826
9.250231420322713, 0.011324844720496894
9.481487205830781, 0.0115972049689441
9.71274299133885, 0.011888509316770187
9.943998776846916, 0.012172360248447206
10.175254562354985, 0.012462422360248446
10.406510347863053, 0.012744099378881988
10.63776613337112, 0.013032298136645963
10.869021918879188, 0.013307453416149069
11.100277704387256, 0.013582298136645963
11.331533489895323, 0.013879813664596273
11.562789275403391, 0.014163975155279503
11.79404506091146, 0.014458695652173913
12.025300846419528, 0.014744099378881988
12.256556631927594, 0.01502391304347826
12.487812417435663, 0.015309316770186335
12.719068202943731, 0.01558944099378882
12.950323988451798, 0.015883850931677018
13.181579773959866, 0.01615807453416149
13.412835559467934, 0.016430124223602485
13.644091344976001, 0.016695652173913042
13.87534713048407, 0.016937577639751553
14.106602915992138, 0.01717360248447205
14.337858701500206, 0.017416459627329194
14.569114487008273, 0.017640993788819875
14.800370272516341, 0.017861801242236026
15.03162605802441, 0.018046583850931677
15.262881843532476, 0.018200621118012423
15.494137629040544, 0.018374844720496896
15.725393414548613, 0.01852142857142857
15.956649200056681, 0.018653105590062113
16.18790498556475, 0.018775155279503106
16.419160771072814, 0.01888633540372671
16.650416556580883, 0.01898136645962733
16.88167234208895, 0.019051242236024845
17.11292812759702, 0.019111180124223602
17.344183913105088, 0.019164906832298136
17.575439698613156, 0.019209316770186335
17.806695484121224, 0.01927639751552795
18.03795126962929, 0.019312111801242236
18.269207055137358, 0.019357142857142857
18.500462840645426, 0.01940807453416149
18.731718626153494, 0.019419565217391303
18.962974411661563, 0.019436335403726707
19.19423019716963, 0.019468944099378882
19.4254859826777, 0.019483229813664595
19.656741768185764, 0.0195027950310559
19.887997553693832, 0.019512111801242234
20.1192533392019, 0.019529192546583852
20.35050912470997, 0.019541304347826086
20.581764910218038, 0.019569565217391303
20.813020695726106, 0.019571739130434782
21.04427648123417, 0.019596583850931677
21.27553226674224, 0.019611180124223603
21.506788052250307, 0.019613975155279503
21.738043837758376, 0.019622049689440993
21.969299623266444, 0.01963136645962733
22.200555408774513, 0.01962919254658385
22.43181119428258, 0.019627639751552795
22.663066979790646, 0.019626708074534163
22.894322765298714, 0.019627329192546585
