0.0, 0.0
0.20938698611197232, 7.6158940397351e-05
0.41877397222394463, 0.00015496688741721855
0.6281609583359169, 0.00024006622516556291
0.8375479444478893, 0.0003175496688741722
1.0469349305598616, 0.0003937086092715232
1.2563219166718338, 0.00045794701986754966
1.4657089027838062, 0.0005301324503311258
1.6750958888957785, 0.0006039735099337748
1.884482875007751, 0.0006781456953642384
2.0938698611197233, 0.0007536423841059603
2.3032568472316957, 0.0008248344370860927
2.5126438333436676, 0.0009082781456953642
2.72203081945564, 0.0009801324503311258
2.9314178055676123, 0.001047682119205298
3.1408047916795847, 0.0011228476821192053
3.350191777791557, 0.001202980132450331
3.5595787639035295, 0.0012821192052980131
3.768965750015502, 0.001359933774834437
3.978352736127474, 0.0014347682119205298
4.187739722239447, 0.0015072847682119205
4.3971267083514185, 0.0015867549668874173
4.606513694463391, 0.0016602649006622516
4.815900680575363, 0.0017334437086092716
5.025287666687335, 0.001807615894039735
5.234674652799308, 0.0018821192052980132
5.44406163891128, 0.0019450331125827815
5.653448625023253, 0.0020155629139072847
5.862835611135225, 0.002090728476821192
6.0722225972471975, 0.0021536423841059605
6.281609583359169, 0.0022218543046357616
6.490996569471142, 0.0022903973509933776
6.700383555583114, 0.0023635761589403973
6.909770541695086, 0.0024334437086092715
7.119157527807059, 0.0024990066225165563
7.328544513919031, 0.0025658940397350993
7.537931500031004, 0.0026437086092715232
7.747318486142976, 0.0027205298013245035
7.956705472254948, 0.0027910596026490065
8.16609245836692, 0.002866887417218543
8.375479444478893, 0.0029357615894039734
8.584866430590864, 0.0030072847682119206
8.794253416702837, 0.0030764900662251654
9.00364040281481, 0.0031509933774834437
9.213027388926783, 0.003215562913907285
9.422414375038754, 0.003293377483443709
9.631801361150726, 0.00336158940397351
9.8411883472627, 0.0034380794701986757
10.05057533337467, 0.003504635761589404
10.259962319486643, 0.003574503311258278
10.469349305598616, 0.0036572847682119205
10.678736291710589, 0.0037334437086092714
10.88812327782256, 0.0038079470198675498
11.097510263934533, 0.003875165562913907
11.306897250046505, 0.0039549668874172186
11.516284236158478, 0.004023841059602649
11.72567122227045, 0.004101986754966888
11.935058208382422, 0.004175165562913907
12.144445194494395, 0.00425728476821192
12.353832180606366, 0.004325165562913907
12.563219166718339, 0.004397682119205298
12.772606152830312, 0.004465562913907285
12.981993138942284, 0.0045364238410596025
13.191380125054256, 0.004598344370860927
13.400767111166228, 0.004661920529801324
13.610154097278201, 0.004716225165562914
13.819541083390172, 0.004772847682119205
14.028928069502145, 0.0048056291390728475
14.238315055614118, 0.004834105960264901
14.44770204172609, 0.004859933774834437
14.657089027838062, 0.004868543046357616
14.866476013950034, 0.004875165562913907
15.075863000062007, 0.004898013245033112
15.285249986173978, 0.004913907284768212
15.494636972285951, 0.004927152317880794
15.704023958397924, 0.004940066225165563
15.913410944509897, 0.00495
16.122797930621868, 0.004949337748344371
16.33218491673384, 0.0049572847682119205
16.541571902845813, 0.0049556291390728474
16.750958888957786, 0.004952980132450331
16.96034587506976, 0.004958609271523179
17.16973286118173, 0.0049605960264900665
17.3791198472937, 0.004965894039735099
17.588506833405674, 0.00496523178807947
17.797893819517647, 0.004958609271523179
18.00728080562962, 0.00495364238410596
18.216667791741592, 0.004954635761589404
18.426054777853565, 0.004959602649006622
18.635441763965535, 0.004971192052980133
18.844828750077507, 0.004954635761589404
19.05421573618948, 0.004959271523178808
19.263602722301453, 0.004966887417218543
19.472989708413426, 0.004976158940397351
19.6823766945254, 0.004977152317880795
19.89176368063737, 0.004971523178807947
20.10115066674934, 0.004976158940397351
20.310537652861314, 0.004989403973509934
20.519924638973286, 0.004983443708609272
20.72931162508526, 0.004981456953642384
