0.0, 0.0
0.31264466688668874, 3.2552693208430914e-05
0.6252893337733775, 6.791569086651054e-05
0.9379340006600663, 0.00010796252927400469
1.250578667546755, 0.0001423887587822014
1.5632233344334436, 0.00018126463700234192
1.8758680013201325, 0.00022224824355971897
2.188512668206821, 0.00026229508196721314
2.50115733509351, 0.00029976580796252925
2.8138020019801986, 0.0003384074941451991
3.1264466688668873, 0.00037330210772833726
3.439091335753576, 0.00040562060889929745
3.751736002640265, 0.0004421545667447307
4.064380669526954, 0.000477751756440281
4.377025336413642, 0.0005163934426229509
4.689670003300331, 0.000556440281030445
5.00231467018702, 0.0005878220140515222
5.3149593370737085, 0.0006245901639344262
5.627604003960397, 0.0006601873536299766
5.940248670847086, 0.0006939110070257611
6.2528933377337745, 0.0007292740046838408
6.565538004620463, 0.0007651053864168618
6.878182671507152, 0.0007960187353629976
7.190827338393841, 0.0008377049180327869
7.50347200528053, 0.0008728337236533958
7.816116672167219, 0.0009147540983606557
8.128761339053908, 0.0009559718969555035
8.441406005940596, 0.0009920374707259954
8.754050672827285, 0.0010285714285714286
9.066695339713974, 0.0010674473067915692
9.379340006600662, 0.0011098360655737705
9.691984673487351, 0.0011505854800936768
10.00462934037404, 0.00118711943793911
10.317274007260728, 0.0012210772833723654
10.629918674147417, 0.0012573770491803278
10.942563341034106, 0.001294847775175644
11.255208007920794, 0.0013297423887587822
11.567852674807483, 0.0013662763466042154
11.880497341694172, 0.0013992974238875879
12.19314200858086, 0.0014400468384074942
12.505786675467549, 0.0014716627634660422
12.818431342354238, 0.0015093676814988291
13.131076009240926, 0.0015459016393442623
13.443720676127615, 0.00158711943793911
13.756365343014304, 0.0016262295081967213
14.069010009900992, 0.001659953161592506
14.381654676787681, 0.001698360655737705
14.69429934367437, 0.0017362997658079626
15.00694401056106, 0.0017714285714285714
15.319588677447749, 0.0018124121779859485
15.632233344334438, 0.001848711943793911
15.944878011221126, 0.0018894613583138173
16.257522678107815, 0.0019323185011709601
16.570167344994502, 0.0019693208430913347
16.882812011881192, 0.0020063231850117095
17.19545667876788, 0.0020407494145199064
17.50810134565457, 0.0020819672131147542
17.820746012541257, 0.002119672131147541
18.133390679427947, 0.0021543325526932086
18.446035346314634, 0.0021882903981264635
18.758680013201324, 0.0022259953161592504
19.07132468008801, 0.0022625292740046836
19.383969346974702, 0.0022953161592505853
19.69661401386139, 0.002328103044496487
20.00925868074808, 0.002355035128805621
20.32190334763477, 0.002376814988290398
20.634548014521457, 0.0023997658079625292
20.947192681408147, 0.0024131147540983606
21.259837348294834, 0.00242903981264637
21.572482015181524, 0.002444262295081967
21.88512668206821, 0.002451288056206089
22.197771348954902, 0.0024637002341920374
22.51041601584159, 0.0024625292740046837
22.82306068272828, 0.0024594847775175643
23.135705349614966, 0.002460889929742389
23.448350016501657, 0.002459953161592506
23.760994683388343, 0.0024627634660421547
24.073639350275034, 0.0024672131147540984
24.38628401716172, 0.0024733021077283372
24.69892868404841, 0.0024756440281030446
25.011573350935098, 0.002469086651053864
25.32421801782179, 0.00246768149882904
25.636862684708476, 0.0024681498829039815
25.949507351595166, 0.0024679156908665105
26.262152018481853, 0.0024686182669789226
26.574796685368543, 0.0024695550351288057
26.88744135225523, 0.0024695550351288057
27.20008601914192, 0.0024693208430913347
27.512730686028608, 0.002472365339578454
27.825375352915298, 0.002470257611241218
28.138020019801985, 0.0024789227166276346
28.450664686688675, 0.00247096018735363
28.763309353575362, 0.0024704918032786884
29.075954020462053, 0.0024740046838407494
29.38859868734874, 0.002471194379391101
29.70124335423543, 0.0024733021077283372
30.01388802112212, 0.00247096018735363
30.326532688008808, 0.0024693208430913347
30.639177354895498, 0.002465105386416862
30.951822021782185, 0.0024665105386416863
