0.0, 0.0
0.1960040150186845, 0.00013602941176470588
0.392008030037369, 0.0002573529411764706
0.5880120450560535, 0.000375
0.784016060074738, 0.0004875
0.9800200750934225, 0.0005908088235294117
1.176024090112107, 0.0006970588235294117
1.3720281051307914, 0.0008202205882352941
1.568032120149476, 0.0009327205882352941
1.7640361351681606, 0.0010514705882352941
1.960040150186845, 0.00116875
2.1560441652055293, 0.0012996323529411765
2.352048180224214, 0.0014099264705882352
2.5480521952428985, 0.0015349264705882353
2.744056210261583, 0.0016533088235294118
2.9400602252802677, 0.0017783088235294117
3.136064240298952, 0.0019044117647058823
3.3320682553176364, 0.0020051470588235295
3.528072270336321, 0.0021176470588235292
3.7240762853550056, 0.002244485294117647
3.92008030037369, 0.002364705882352941
4.116084315392374, 0.0024819852941176473
4.312088330411059, 0.0025875
4.508092345429744, 0.0027136029411764704
4.704096360448428, 0.002829044117647059
4.900100375467113, 0.002943014705882353
5.096104390485797, 0.0030606617647058825
5.292108405504481, 0.003168014705882353
5.488112420523166, 0.0032731617647058825
5.684116435541851, 0.003385294117647059
5.880120450560535, 0.003519485294117647
6.07612446557922, 0.003641544117647059
6.272128480597904, 0.003752573529411765
6.468132495616588, 0.0038691176470588237
6.664136510635273, 0.003987132352941176
6.860140525653957, 0.004098897058823529
7.056144540672642, 0.004220220588235294
7.252148555691327, 0.004325367647058823
7.448152570710011, 0.004444852941176471
7.6441565857286955, 0.004559926470588236
7.84016060074738, 0.0046672794117647055
8.036164615766065, 0.004795955882352941
8.232168630784749, 0.004903676470588235
8.428172645803434, 0.00502389705882353
8.624176660822117, 0.0051452205882352945
8.820180675840803, 0.005258088235294118
9.016184690859488, 0.005378676470588236
9.212188705878171, 0.005498897058823529
9.408192720896857, 0.0056143382352941175
9.60419673591554, 0.005724264705882353
9.800200750934225, 0.005852205882352941
9.996204765952909, 0.005968014705882353
10.192208780971594, 0.006095588235294117
10.38821279599028, 0.006220955882352941
10.584216811008963, 0.006343014705882353
10.780220826027648, 0.006445588235294118
10.976224841046331, 0.006554779411764706
11.172228856065017, 0.006663970588235294
11.368232871083702, 0.006777573529411765
11.564236886102385, 0.006896691176470588
11.76024090112107, 0.007010294117647059
11.956244916139754, 0.007105514705882353
12.15224893115844, 0.007199264705882353
12.348252946177123, 0.007295588235294118
12.544256961195808, 0.00738125
12.740260976214493, 0.007454779411764706
12.936264991233177, 0.007519852941176471
13.132269006251862, 0.007572058823529412
13.328273021270546, 0.0076264705882352945
13.52427703628923, 0.007672058823529412
13.720281051307914, 0.007705147058823529
13.9162850663266, 0.007716176470588235
14.112289081345285, 0.007743014705882353
14.308293096363968, 0.007766544117647059
14.504297111382654, 0.00778125
14.700301126401337, 0.007806985294117647
14.896305141420022, 0.007815073529411765
15.092309156438708, 0.007819117647058824
15.288313171457391, 0.007822794117647058
15.484317186476076, 0.007817279411764706
15.68032120149476, 0.007825367647058823
15.876325216513445, 0.007829044117647059
16.07232923153213, 0.00781470588235294
16.268333246550814, 0.007821691176470589
16.464337261569497, 0.007829411764705882
16.660341276588184, 0.00781875
16.856345291606868, 0.007811029411764706
17.05234930662555, 0.007820955882352942
17.248353321644235, 0.007825735294117647
17.44435733666292, 0.00782389705882353
17.640361351681605, 0.0078102941176470585
17.83636536670029, 0.007811764705882353
18.032369381718976, 0.007810661764705882
18.22837339673766, 0.007812867647058824
18.424377411756343, 0.007813235294117647
18.620381426775026, 0.007791911764705882
18.816385441793713, 0.0077808823529411765
19.012389456812397, 0.007782720588235294
19.20839347183108, 0.007772426470588235
19.404397486849767, 0.007777941176470588
