0.0, 0.0
0.2678248848019414, 0.00017333333333333334
0.5356497696038828, 0.00032373333333333336
0.8034746544058242, 0.000472
1.0712995392077655, 0.0006296
1.3391244240097069, 0.0008018666666666667
1.6069493088116484, 0.0009634666666666667
1.8747741936135898, 0.0011162666666666666
2.142599078415531, 0.0012808
2.4104239632174727, 0.0014285333333333334
2.6782488480194138, 0.0015933333333333333
2.9460737328213553, 0.0017581333333333334
3.213898617623297, 0.0019205333333333333
3.481723502425238, 0.0020818666666666667
3.7495483872271795, 0.0022365333333333333
4.017373272029121, 0.0023888
4.285198156831062, 0.002534666666666667
4.553023041633003, 0.002696
4.820847926434945, 0.002851733333333333
5.088672811236886, 0.0030106666666666667
5.3564976960388275, 0.0031768
5.6243225808407695, 0.0033245333333333333
5.892147465642711, 0.0034848
6.159972350444652, 0.0036434666666666665
6.427797235246594, 0.0037992
6.695622120048535, 0.003953066666666667
6.963447004850476, 0.004116
7.231271889652417, 0.0042624
7.499096774454359, 0.0044213333333333335
7.7669216592563, 0.0045816
8.034746544058242, 0.004732266666666667
8.302571428860183, 0.0048968
8.570396313662124, 0.0050562666666666665
8.838221198464066, 0.0052154666666666665
9.106046083266007, 0.0053664
9.373870968067948, 0.0055170666666666665
9.64169585286989, 0.0056661333333333334
9.909520737671832, 0.0058248
10.177345622473773, 0.005992
10.445170507275714, 0.006146133333333333
10.712995392077655, 0.0063048
10.980820276879596, 0.0064544
11.248645161681539, 0.006608266666666667
11.51647004648348, 0.0067650666666666665
11.784294931285421, 0.0069157333333333335
12.052119816087362, 0.0070704
12.319944700889303, 0.007222666666666666
12.587769585691245, 0.007373333333333333
12.855594470493187, 0.0075296
13.123419355295129, 0.0076856
13.39124424009707, 0.007837333333333333
13.65906912489901, 0.0079952
13.926894009700952, 0.008149333333333333
14.194718894502893, 0.008301333333333334
14.462543779304834, 0.008452
14.730368664106777, 0.008606933333333334
14.998193548908718, 0.008765333333333333
15.26601843371066, 0.0089248
15.5338433185126, 0.009072533333333334
15.801668203314541, 0.009224266666666666
16.069493088116484, 0.0093824
16.337317972918424, 0.009524533333333333
16.605142857720367, 0.009662133333333333
16.872967742522306, 0.0097976
17.14079262732425, 0.0099112
17.40861751212619, 0.010025066666666667
17.67644239692813, 0.010117866666666666
17.944267281730074, 0.010204266666666666
18.212092166532013, 0.010279466666666667
18.479917051333956, 0.0103448
18.747741936135895, 0.010397333333333333
19.01556682093784, 0.01042
19.28339170573978, 0.010438133333333334
19.55121659054172, 0.010470133333333333
19.819041475343663, 0.0104968
20.086866360145603, 0.0105104
20.354691244947546, 0.010531733333333333
20.62251612974949, 0.0105472
20.890341014551428, 0.010565066666666666
21.15816589935337, 0.010557866666666667
21.42599078415531, 0.010564266666666667
21.693815668957253, 0.010566133333333333
21.961640553759192, 0.010573066666666667
22.229465438561135, 0.010586933333333333
22.497290323363078, 0.0105896
22.765115208165017, 0.010589333333333333
23.03294009296696, 0.010581066666666666
23.3007649777689, 0.010570133333333334
23.568589862570843, 0.010569866666666667
23.836414747372782, 0.0105832
24.104239632174725, 0.010593333333333333
24.372064516976668, 0.0105912
24.639889401778607, 0.010596266666666666
24.90771428658055, 0.010577866666666666
25.17553917138249, 0.010563733333333334
25.443364056184432, 0.010556
25.711188940986375, 0.010546933333333333
25.979013825788314, 0.010546933333333333
26.246838710590257, 0.0105528
26.514663595392197, 0.0105376
