0.0, 0.0
0.4845795705141695, 4.096573208722741e-05
0.969159141028339, 8.037383177570094e-05
1.4537387115425084, 0.00012102803738317757
1.938318282056678, 0.00016370716510903427
2.4228978525708476, 0.00021012461059190032
2.907477423085017, 0.0002529595015576324
3.3920569935991867, 0.0002901869158878505
3.876636564113356, 0.0003322429906542056
4.361216134627526, 0.000376791277258567
4.845795705141695, 0.0004207165109034268
5.330375275655864, 0.00046417445482866044
5.814954846170034, 0.0005074766355140187
6.299534416684203, 0.0005524922118380063
6.784113987198373, 0.0005903426791277258
7.268693557712543, 0.0006345794392523365
7.753273128226712, 0.0006741433021806854
8.237852698740882, 0.000717601246105919
8.722432269255052, 0.0007580996884735202
9.20701183976922, 0.0008010903426791278
9.69159141028339, 0.0008442367601246106
10.17617098079756, 0.0008912772585669782
10.660750551311729, 0.000934423676012461
11.145330121825898, 0.0009780373831775701
11.629909692340068, 0.0010179127725856699
12.114489262854237, 0.001057632398753894
12.599068833368406, 0.0011004672897196263
13.083648403882577, 0.0011464174454828661
13.568227974396747, 0.001185981308411215
14.052807544910916, 0.001230373831775701
14.537387115425085, 0.001275545171339564
15.021966685939255, 0.0013197819314641744
15.506546256453424, 0.0013635514018691588
15.991125826967593, 0.0014082554517133956
16.475705397481764, 0.001449221183800623
16.960284967995932, 0.0014957943925233644
17.444864538510103, 0.001533177570093458
17.92944410902427, 0.001577570093457944
18.41402367953844, 0.0016185358255451714
18.89860325005261, 0.001663239875389408
19.38318282056678, 0.0017038940809968848
19.867762391080948, 0.0017482866043613708
20.35234196159512, 0.0017886292834890965
20.83692153210929, 0.0018317757009345794
21.321501102623458, 0.001874766355140187
21.80608067313763, 0.0019218068535825545
22.290660243651796, 0.001963239875389408
22.775239814165968, 0.00200809968847352
23.259819384680135, 0.002050934579439252
23.744398955194306, 0.00209190031152648
24.228978525708474, 0.002134423676012461
24.713558096222645, 0.0021774143302180685
25.198137666736812, 0.00221993769470405
25.682717237250984, 0.0022646417445482867
26.167296807765155, 0.0023062305295950157
26.651876378279322, 0.002345482866043614
27.136455948793493, 0.002388785046728972
27.62103551930766, 0.0024342679127725858
28.105615089821832, 0.0024736760124610593
28.590194660336, 0.002514485981308411
29.07477423085017, 0.002554361370716511
29.559353801364338, 0.002598442367601246
30.04393337187851, 0.0026394080996884734
30.528512942392677, 0.0026805295950155764
31.013092512906848, 0.0027166666666666667
31.49767208342102, 0.0027506230529595016
31.982251653935187, 0.0027869158878504672
32.46683122444936, 0.002814485981308411
32.95141079496353, 0.002832398753894081
33.43599036547769, 0.0028514018691588785
33.920569935991864, 0.0028629283489096575
34.405149506506035, 0.00287803738317757
34.889729077020206, 0.0028838006230529597
35.37430864753437, 0.0028845794392523363
35.85888821804854, 0.002884735202492212
36.34346778856271, 0.0028923676012461057
36.82804735907688, 0.002891277258566978
37.312626929591055, 0.0028962616822429906
37.79720650010522, 0.0028919003115264797
38.28178607061939, 0.0028942367601246105
38.76636564113356, 0.002894704049844237
39.25094521164773, 0.00289595015576324
39.735524782161896, 0.0029014018691588786
40.22010435267607, 0.0029057632398753895
40.70468392319024, 0.0029105919003115264
41.18926349370441, 0.0029121495327102806
41.67384306421858, 0.002910903426791277
42.158422634732744, 0.0029124610591900312
42.643002205246916, 0.002909657320872274
43.12758177576109, 0.002912928348909657
43.61216134627526, 0.0029126168224299065
44.09674091678942, 0.002909190031152648
44.58132048730359, 0.002907943925233645
45.065900057817764, 0.0029095015576323987
45.550479628331935, 0.0029133956386292836
46.0350591988461, 0.002911059190031153
46.51963876936027, 0.0029130841121495325
47.00421833987444, 0.002912928348909657
47.48879791038861, 0.0029102803738317758
47.97337748090278, 0.002905919003115265
