0.0, 0.0
0.2751631379058409, 0.00010691358024691358
0.5503262758116818, 0.00022271604938271604
0.8254894137175227, 0.0003251851851851852
1.1006525516233636, 0.00042938271604938273
1.3758156895292046, 0.000528395061728395
1.6509788274350454, 0.0006281481481481482
1.9261419653408862, 0.0007454320987654321
2.2013051032467272, 0.0008481481481481481
2.4764682411525683, 0.0009637037037037037
2.7516313790584093, 0.0010646913580246913
3.02679451696425, 0.001168641975308642
3.301957654870091, 0.0012740740740740742
3.577120792775932, 0.0013809876543209876
3.8522839306817724, 0.001493827160493827
4.127447068587614, 0.0015955555555555556
4.4026102064934545, 0.0016977777777777779
4.677773344399295, 0.0018049382716049383
4.9529364823051365, 0.0019081481481481482
5.228099620210977, 0.002011111111111111
5.5032627581168185, 0.0021160493827160494
5.778425896022659, 0.0022135802469135804
6.0535890339285, 0.002322962962962963
6.328752171834341, 0.0024328395061728393
6.603915309740182, 0.00253679012345679
6.879078447646022, 0.0026271604938271605
7.154241585551864, 0.0027323456790123457
7.429404723457704, 0.0028353086419753088
7.704567861363545, 0.0029441975308641976
7.979730999269386, 0.0030469135802469135
8.254894137175228, 0.003154320987654321
8.530057275081068, 0.003249382716049383
8.805220412986909, 0.0033471604938271607
9.08038355089275, 0.0034496296296296297
9.35554668879859, 0.0035587654320987654
9.630709826704432, 0.003665679012345679
9.905872964610273, 0.003766172839506173
10.181036102516114, 0.0038733333333333332
10.456199240421954, 0.0039772839506172835
10.731362378327795, 0.004085679012345679
11.006525516233637, 0.004188395061728395
11.281688654139478, 0.004290864197530864
11.556851792045318, 0.004391851851851852
11.832014929951159, 0.004493827160493827
12.107178067857, 0.00460074074074074
12.38234120576284, 0.004702716049382716
12.657504343668682, 0.004812592592592592
12.932667481574523, 0.00490395061728395
13.207830619480363, 0.005011604938271605
13.482993757386204, 0.005114320987654321
13.758156895292045, 0.005222716049382716
14.033320033197887, 0.005324444444444444
14.308483171103727, 0.005431111111111111
14.583646309009568, 0.00552641975308642
14.858809446915409, 0.005628395061728395
15.13397258482125, 0.0057320987654320985
15.40913572272709, 0.005835555555555556
15.684298860632932, 0.0059461728395061725
15.959461998538773, 0.00605037037037037
16.234625136444613, 0.0061501234567901235
16.509788274350456, 0.006251851851851852
16.784951412256294, 0.006349876543209876
17.060114550162137, 0.00644716049382716
17.335277688067976, 0.006539753086419753
17.610440825973818, 0.00662074074074074
17.88560396387966, 0.006701234567901234
18.1607671017855, 0.00677037037037037
18.43593023969134, 0.006821975308641975
18.71109337759718, 0.006861234567901235
18.986256515503023, 0.006901975308641975
19.261419653408865, 0.006928395061728395
19.536582791314704, 0.006942469135802469
19.811745929220546, 0.006965185185185185
20.086909067126385, 0.006986419753086419
20.362072205032227, 0.006991604938271605
20.63723534293807, 0.006989382716049383
20.91239848084391, 0.006993827160493827
21.18756161874975, 0.006998024691358025
21.46272475665559, 0.006993827160493827
21.737887894561432, 0.006990370370370371
22.013051032467274, 0.007
22.288214170373113, 0.007010864197530864
22.563377308278955, 0.007014814814814815
22.838540446184794, 0.007019506172839507
23.113703584090636, 0.007027160493827161
23.388866721996475, 0.007034074074074074
23.664029859902318, 0.007031851851851852
23.93919299780816, 0.007033333333333333
24.214356135714, 0.007038271604938272
24.48951927361984, 0.007036296296296297
24.76468241152568, 0.00704
25.039845549431522, 0.007038271604938272
25.315008687337365, 0.007032098765432098
25.590171825243203, 0.007036543209876543
25.865334963149046, 0.007036296296296297
26.140498101054884, 0.007047654320987654
26.415661238960727, 0.007051111111111111
26.69082437686657, 0.007038518518518519
26.965987514772408, 0.007039012345679012
27.24115065267825, 0.007034567901234568
