0.0, 0.0
0.12197706922421173, 0.00013942857142857143
0.24395413844842345, 0.00028857142857142856
0.3659312076726352, 0.0004342857142857143
0.4879082768968469, 0.0005754285714285715
0.6098853461210586, 0.0007017142857142858
0.7318624153452704, 0.0008405714285714286
0.8538394845694821, 0.0009645714285714286
0.9758165537936938, 0.0011165714285714286
1.0977936230179055, 0.0012645714285714285
1.2197706922421172, 0.001401142857142857
1.341747761466329, 0.001544
1.4637248306905408, 0.001672
1.5857018999147525, 0.0018125714285714286
1.7076789691389642, 0.0019531428571428573
1.829656038363176, 0.0020971428571428573
1.9516331075873876, 0.0022434285714285716
2.0736101768115995, 0.0023662857142857144
2.195587246035811, 0.0025074285714285715
2.317564315260023, 0.0026485714285714285
2.4395413844842344, 0.0027885714285714285
2.5615184537084463, 0.0029171428571428573
2.683495522932658, 0.0030462857142857145
2.8054725921568697, 0.0031874285714285715
2.9274496613810816, 0.0033108571428571427
3.049426730605293, 0.003441142857142857
3.171403799829505, 0.003586857142857143
3.2933808690537165, 0.0037342857142857143
3.4153579382779284, 0.003854285714285714
3.53733500750214, 0.003994857142857143
3.659312076726352, 0.004133714285714286
3.7812891459505633, 0.0042754285714285715
3.9032662151747752, 0.004401142857142857
4.025243284398987, 0.004529714285714285
4.147220353623199, 0.004664
4.2691974228474106, 0.004806857142857143
4.391174492071622, 0.004940571428571429
4.5131515612958335, 0.005089714285714286
4.635128630520046, 0.005223428571428572
4.757105699744257, 0.005361142857142857
4.879082768968469, 0.005506285714285714
5.001059838192681, 0.0056502857142857145
5.123036907416893, 0.005799428571428572
5.245013976641104, 0.005924571428571428
5.366991045865316, 0.006054857142857143
5.488968115089528, 0.006196571428571429
5.6109451843137395, 0.00634
5.732922253537951, 0.006484571428571429
5.854899322762163, 0.006612
5.976876391986375, 0.006749142857142857
6.098853461210586, 0.006891428571428572
6.220830530434798, 0.007035428571428572
6.34280759965901, 0.00718
6.464784668883222, 0.0073131428571428575
6.586761738107433, 0.007445142857142857
6.7087388073316445, 0.007582285714285714
6.830715876555857, 0.007704571428571429
6.952692945780068, 0.007830285714285715
7.07467001500428, 0.007965142857142856
7.196647084228492, 0.008080571428571428
7.318624153452704, 0.008222857142857143
7.440601222676915, 0.008334857142857142
7.562578291901127, 0.008443428571428572
7.684555361125339, 0.008543428571428572
7.8065324303495505, 0.008643428571428571
7.928509499573762, 0.008729142857142857
8.050486568797973, 0.00882
8.172463638022185, 0.008883428571428572
8.294440707246398, 0.008941714285714285
8.41641777647061, 0.009016
8.538394845694821, 0.009058285714285715
8.660371914919033, 0.009092
8.782348984143244, 0.009119428571428572
8.904326053367456, 0.009149714285714285
9.026303122591667, 0.009156571428571429
9.14828019181588, 0.009166857142857143
9.270257261040092, 0.009183428571428572
9.392234330264303, 0.009199428571428572
9.514211399488515, 0.009218285714285714
9.636188468712726, 0.00922
9.758165537936938, 0.009234857142857144
9.88014260716115, 0.009229714285714286
10.002119676385362, 0.009229142857142858
10.124096745609574, 0.009242857142857143
10.246073814833785, 0.009252
10.368050884057997, 0.009246857142857143
10.490027953282208, 0.009267428571428572
10.61200502250642, 0.009266285714285715
10.733982091730631, 0.009266857142857143
10.855959160954844, 0.00927657142857143
10.977936230179056, 0.009265714285714285
11.099913299403267, 0.009258857142857143
11.221890368627479, 0.009256571428571428
11.34386743785169, 0.009265142857142857
11.465844507075902, 0.009268571428571428
11.587821576300113, 0.009265714285714285
11.709798645524327, 0.009266285714285715
11.831775714748538, 0.009260571428571429
11.95375278397275, 0.009273714285714286
12.075729853196961, 0.009274285714285714
