0.0, 0.0
0.40575246414433264, 0.0001180921052631579
0.8115049282886653, 0.0002274671052631579
1.217257392432998, 0.0003430921052631579
1.6230098565773305, 0.0004588815789473684
2.028762320721663, 0.0005700657894736843
2.434514784865996, 0.0006876644736842105
2.8402672490103287, 0.0008004934210526316
3.246019713154661, 0.00091875
3.6517721772989935, 0.0010299342105263157
4.057524641443326, 0.0011370065789473684
4.463277105587659, 0.0012491776315789473
4.869029569731992, 0.0013643092105263157
5.274782033876324, 0.0014776315789473684
5.680534498020657, 0.0015886513157894737
6.08628696216499, 0.0017023026315789473
6.492039426309322, 0.0018106907894736841
6.897791890453655, 0.0019226973684210527
7.303544354597987, 0.002036019736842105
7.70929681874232, 0.0021546052631578948
8.115049282886652, 0.0022695723684210524
8.520801747030985, 0.0023842105263157895
8.926554211175318, 0.0025008223684210525
9.33230667531965, 0.002615953947368421
9.738059139463983, 0.002730263157894737
10.143811603608317, 0.0028404605263157895
10.549564067752648, 0.002961019736842105
10.955316531896981, 0.003069736842105263
11.361068996041315, 0.003186019736842105
11.766821460185646, 0.003305098684210526
12.17257392432998, 0.0034182565789473685
12.578326388474311, 0.003535855263157895
12.984078852618644, 0.0036554276315789473
13.389831316762978, 0.0037682565789473686
13.79558378090731, 0.003875657894736842
14.201336245051642, 0.0039875
14.607088709195974, 0.004098848684210526
15.012841173340307, 0.004208059210526316
15.41859363748464, 0.004323355263157895
15.824346101628972, 0.0044347039473684215
16.230098565773304, 0.0045473684210526315
16.63585102991764, 0.004659046052631579
17.04160349406197, 0.004765953947368421
17.447355958206302, 0.004877302631578947
17.853108422350637, 0.004992763157894737
18.25886088649497, 0.005106414473684211
18.6646133506393, 0.005218092105263158
19.070365814783635, 0.0053304276315789476
19.476118278927967, 0.005446710526315789
19.881870743072298, 0.005555592105263158
20.287623207216633, 0.005663651315789474
20.693375671360965, 0.005777138157894737
21.099128135505296, 0.005898519736842105
21.50488059964963, 0.006013322368421053
21.910633063793963, 0.006122861842105263
22.316385527938294, 0.006235855263157895
22.72213799208263, 0.006355263157894737
23.12789045622696, 0.006466282894736842
23.533642920371292, 0.006574671052631579
23.939395384515624, 0.0066873355263157895
24.34514784865996, 0.006805921052631579
24.75090031280429, 0.006907894736842105
25.156652776948622, 0.007015296052631579
25.562405241092957, 0.007119901315789474
25.96815770523729, 0.007209375
26.37391016938162, 0.007294243421052632
26.779662633525955, 0.007368585526315789
27.185415097670287, 0.007432894736842105
27.59116756181462, 0.007490131578947368
27.996920025958953, 0.007523190789473684
28.402672490103285, 0.007558552631578948
28.808424954247617, 0.007575
29.214177418391948, 0.0075947368421052635
29.619929882536283, 0.007602796052631579
30.025682346680615, 0.007624177631578947
30.431434810824946, 0.00763125
30.83718727496928, 0.007628125
31.242939739113613, 0.007636677631578948
31.648692203257944, 0.007645559210526316
32.05444466740228, 0.007649177631578947
32.46019713154661, 0.0076493421052631575
32.86594959569094, 0.0076449013157894735
33.27170205983528, 0.0076376644736842105
33.677454523979605, 0.00764078947368421
34.08320698812394, 0.0076416118421052635
34.488959452268276, 0.007632730263157895
34.894711916412604, 0.007629111842105263
35.30046438055694, 0.007630756578947368
35.706216844701274, 0.007633881578947369
36.1119693088456, 0.007645723684210526
36.51772177298994, 0.007649506578947369
36.92347423713427, 0.007659703947368421
37.3292267012786, 0.007657072368421052
37.734979165422935, 0.007657401315789474
38.14073162956727, 0.007652796052631579
38.5464840937116, 0.007651151315789474
38.95223655785593, 0.007646381578947368
39.35798902200027, 0.007637828947368421
39.763741486144596, 0.007644736842105263
40.16949395028893, 0.007651809210526316
