0.0, 0.0
0.17620795718052576, 0.00022955465587044533
0.3524159143610515, 0.0004194331983805668
0.5286238715415773, 0.000597165991902834
0.704831828722103, 0.0007854251012145749
0.8810397859026288, 0.0009919028340080972
1.0572477430831546, 0.0011898785425101214
1.2334557002636803, 0.0013838056680161943
1.409663657444206, 0.0015906882591093117
1.5858716146247318, 0.0017793522267206478
1.7620795718052575, 0.001982591093117409
1.9382875289857833, 0.0021672064777327935
2.1144954861663092, 0.002368016194331984
2.290703443346835, 0.002554655870445344
2.4669114005273607, 0.0027469635627530363
2.6431193577078864, 0.0029473684210526317
2.819327314888412, 0.0031441295546558706
2.995535272068938, 0.00334331983805668
3.1717432292494636, 0.00354331983805668
3.3479511864299893, 0.0037518218623481783
3.524159143610515, 0.003949797570850203
3.700367100791041, 0.00414493927125506
3.8765750579715665, 0.004346558704453441
4.052783015152093, 0.004551012145748988
4.2289909723326184, 0.004730364372469636
4.405198929513144, 0.004919838056680162
4.58140688669367, 0.00511336032388664
4.757614843874196, 0.005300404858299595
4.933822801054721, 0.005486234817813765
5.110030758235247, 0.005691902834008097
5.286238715415773, 0.0059
5.462446672596299, 0.0060894736842105265
5.638654629776824, 0.006282995951417004
5.81486258695735, 0.006484210526315789
5.991070544137876, 0.006674493927125506
6.1672785013184015, 0.006868016194331984
6.343486458498927, 0.007055870445344129
6.519694415679453, 0.007234412955465587
6.695902372859979, 0.007421052631578947
6.872110330040504, 0.007604048582995951
7.04831828722103, 0.007791497975708502
7.224526244401556, 0.007991497975708502
7.400734201582082, 0.00817004048582996
7.576942158762607, 0.008365182186234818
7.753150115943133, 0.008559919028340081
7.929358073123659, 0.008764777327935222
8.105566030304185, 0.008953036437246964
8.28177398748471, 0.00914089068825911
8.457981944665237, 0.009336437246963562
8.634189901845762, 0.009530364372469636
8.810397859026288, 0.009716194331983806
8.986605816206813, 0.0099
9.16281377338734, 0.010086639676113361
9.339021730567865, 0.010279352226720648
9.515229687748391, 0.010480161943319839
9.691437644928916, 0.010663562753036437
9.867645602109443, 0.010865991902834007
10.043853559289968, 0.011061133603238866
10.220061516470494, 0.011240485829959514
10.396269473651019, 0.011418218623481781
10.572477430831546, 0.011600404858299595
10.74868538801207, 0.011774089068825912
10.924893345192597, 0.011936032388663968
11.101101302373122, 0.012062753036437246
11.277309259553649, 0.012212145748987855
11.453517216734175, 0.01235344129554656
11.6297251739147, 0.012461133603238866
11.805933131095227, 0.012576518218623482
11.982141088275752, 0.012651012145748987
12.158349045456278, 0.012737246963562753
12.334557002636803, 0.012819028340080972
12.51076495981733, 0.012885425101214576
12.686972916997854, 0.012933198380566802
12.863180874178381, 0.01299757085020243
13.039388831358906, 0.013026315789473684
13.215596788539433, 0.013066396761133603
13.391804745719957, 0.013096356275303644
13.568012702900484, 0.013093117408906882
13.744220660081009, 0.01311740890688259
13.920428617261535, 0.013155465587044534
14.09663657444206, 0.013148178137651822
14.272844531622587, 0.01314089068825911
14.449052488803112, 0.013151012145748988
14.625260445983638, 0.013150607287449392
14.801468403164163, 0.013160323886639676
14.97767636034469, 0.013164777327935223
15.153884317525215, 0.01317246963562753
15.330092274705741, 0.013164777327935223
15.506300231886266, 0.013163967611336033
15.682508189066793, 0.013189878542510122
15.858716146247318, 0.013208097165991903
16.034924103427844, 0.013189878542510122
16.21113206060837, 0.013201214574898786
16.387340017788894, 0.01321336032388664
16.56354797496942, 0.013205263157894737
16.739755932149947, 0.013206072874493928
16.915963889330474, 0.013198380566801619
17.092171846511, 0.01319757085020243
17.268379803691523, 0.0132
17.44458776087205, 0.013186234817813764
