0.0, 0.0
0.39117610711115625, 8.10126582278481e-05
0.7823522142223125, 0.00016763110307414105
1.1735283213334688, 0.0002495479204339964
1.564704428444625, 0.0003309222423146474
1.9558805355557811, 0.0004166365280289331
2.3470566426669377, 0.0004980108499095841
2.738232749778094, 0.0005757685352622061
3.12940885688925, 0.0006636528028933093
3.520584964000406, 0.0007464737793851717
3.9117610711115622, 0.0008258589511754068
4.302937178222718, 0.0009095840867992767
4.694113285333875, 0.000994755877034358
5.0852893924450315, 0.0010831826401446654
5.476465499556188, 0.0011605786618444846
5.867641606667344, 0.0012377938517179024
6.2588177137785, 0.0013130198915009043
6.649993820889656, 0.0013942133815551536
7.041169928000812, 0.0014752260397830018
7.432346035111968, 0.00155750452079566
7.8235221422231245, 0.0016354430379746836
8.214698249334281, 0.0017179023508137432
8.605874356445437, 0.001801989150090416
8.997050463556594, 0.0018799276672694393
9.38822657066775, 0.0019609403254972875
9.779402677778906, 0.002040867992766727
10.170578784890063, 0.0021197106690777575
10.561754892001218, 0.0022012658227848103
10.952930999112375, 0.002288607594936709
11.34410710622353, 0.0023683544303797466
11.735283213334688, 0.0024448462929475587
12.126459320445843, 0.002524231464737794
12.517635427557, 0.0026047016274864374
12.908811534668157, 0.002694394213381555
13.299987641779312, 0.0027730560578661844
13.69116374889047, 0.00285877034358047
14.082339856001624, 0.002942133815551537
14.473515963112781, 0.0030253164556962027
14.864692070223937, 0.003112839059674503
15.255868177335094, 0.003192766726943942
15.647044284446249, 0.003277396021699819
16.038220391557406, 0.003355877034358047
16.429396498668563, 0.003435623869801085
16.82057260577972, 0.003516998191681736
17.211748712890873, 0.003599638336347197
17.60292482000203, 0.0036799276672694393
17.994100927113188, 0.0037629294755877033
18.385277034224345, 0.0038490054249547922
18.7764531413355, 0.003928390596745027
19.167629248446655, 0.004007233273056058
19.558805355557812, 0.004085895117540687
19.94998146266897, 0.004167992766726944
20.341157569780126, 0.004248462929475587
20.73233367689128, 0.004324050632911392
21.123509784002437, 0.004402350813743219
21.514685891113594, 0.004488788426763111
21.90586199822475, 0.004567269439421338
22.297038105335908, 0.004648101265822785
22.68821421244706, 0.0047314647377938515
23.079390319558218, 0.004813019891500904
23.470566426669375, 0.004896925858951176
23.861742533780532, 0.004973236889692586
24.252918640891686, 0.0050502712477396025
24.644094748002843, 0.00512875226039783
25.035270855114, 0.005199819168173599
25.426446962225157, 0.005253526220614828
25.817623069336314, 0.00530253164556962
26.208799176447467, 0.005347920433996383
26.599975283558624, 0.005372875226039783
26.99115139066978, 0.005393851717902351
27.38232749778094, 0.005418083182640145
27.773503604892092, 0.005433634719710669
28.16467971200325, 0.005441591320072332
28.555855819114406, 0.00544502712477396
28.947031926225563, 0.005451356238698011
29.33820803333672, 0.005455877034358047
29.729384140447873, 0.005464376130198915
30.12056024755903, 0.005462386980108499
30.511736354670187, 0.00546491862567812
30.902912461781344, 0.005465280289330922
31.294088568892498, 0.005464195298372513
31.685264676003655, 0.005468716094032549
32.07644078311481, 0.005470886075949367
32.46761689022597, 0.005469077757685353
32.858792997337126, 0.005471971066907776
33.24996910444828, 0.005476853526220615
33.64114521155944, 0.005475226039783002
34.03232131867059, 0.005469439421338156
34.42349742578175, 0.00547124773960217
34.814673532892904, 0.005472875226039783
35.20584964000406, 0.005471790235081374
35.59702574711522, 0.005467811934900543
35.988201854226375, 0.005475587703435805
36.37937796133753, 0.005477034358047016
36.77055406844869, 0.005480108499095841
37.161730175559846, 0.005488426763110308
37.552906282671, 0.005482820976491862
37.94408238978215, 0.005487703435804701
38.33525849689331, 0.005487703435804701
38.72643460400447, 0.005483182640144665
