0.0, 0.0
0.32161147374799326, 0.0005122065727699531
0.6432229474959865, 0.0009208920187793428
0.9648344212439798, 0.0013056338028169013
1.286445894991973, 0.001704225352112676
1.6080573687399662, 0.0021300469483568076
1.9296688424879596, 0.002535680751173709
2.251280316235953, 0.0029312206572769954
2.572891789983946, 0.003333568075117371
2.8945032637319392, 0.003743192488262911
3.2161147374799324, 0.004134507042253521
3.537726211227926, 0.004530046948356807
3.859337684975919, 0.00492112676056338
4.180949158723912, 0.005314553990610329
4.502560632471906, 0.0057232394366197184
4.824172106219899, 0.006118309859154929
5.145783579967892, 0.006522300469483568
5.467395053715886, 0.006905164319248826
5.7890065274638784, 0.007310798122065728
6.110618001211872, 0.0077072769953051646
6.432229474959865, 0.008095774647887324
6.753840948707858, 0.008491079812206573
7.075452422455852, 0.008899295774647887
7.397063896203845, 0.009300704225352112
7.718675369951838, 0.009698356807511736
8.040286843699832, 0.010073474178403756
8.361898317447825, 0.010469483568075118
8.683509791195817, 0.010870892018779343
9.005121264943812, 0.011259859154929577
9.326732738691804, 0.011658450704225352
9.648344212439797, 0.01207018779342723
9.969955686187792, 0.012457511737089201
10.291567159935784, 0.012847887323943662
10.613178633683777, 0.013244835680751174
10.934790107431771, 0.013647652582159624
11.256401581179764, 0.014034741784037559
11.578013054927757, 0.01443568075117371
11.899624528675751, 0.01483849765258216
12.221236002423744, 0.015238967136150234
12.542847476171737, 0.015625586854460093
12.86445894991973, 0.016026291079812207
13.186070423667724, 0.016424647887323944
13.507681897415717, 0.016826525821596244
13.82929337116371, 0.017226056338028168
14.150904844911704, 0.01763262910798122
14.472516318659697, 0.018040140845070423
14.79412779240769, 0.018442018779342723
15.115739266155684, 0.018844366197183098
15.437350739903676, 0.01922769953051643
15.75896221365167, 0.019623474178403755
16.080573687399664, 0.020022535211267605
16.402185161147656, 0.020426760563380282
16.72379663489565, 0.020807746478873238
17.04540810864364, 0.021210093896713616
17.367019582391634, 0.02161267605633803
17.68863105613963, 0.021995539906103288
18.010242529887623, 0.02238098591549296
18.331854003635616, 0.022781220657276995
18.65346547738361, 0.023178403755868545
18.9750769511316, 0.02355774647887324
19.296688424879594, 0.02395657276995305
19.61829989862759, 0.02432511737089202
19.939911372375583, 0.024684037558685448
20.261522846123576, 0.02502863849765258
20.58313431987157, 0.025359154929577465
20.90474579361956, 0.025646713615023475
21.226357267367554, 0.02590399061032864
21.547968741115547, 0.026125586854460092
21.869580214863543, 0.026333802816901408
22.191191688611536, 0.026524178403755868
22.51280316235953, 0.02669225352112676
22.83441463610752, 0.02683474178403756
23.156026109855514, 0.02697910798122066
23.477637583603506, 0.027096009389671362
23.799249057351503, 0.027217840375586853
24.120860531099495, 0.02731056338028169
24.442472004847488, 0.027398356807511737
24.76408347859548, 0.027459389671361502
25.085694952343474, 0.027533098591549295
25.407306426091466, 0.027604225352112675
25.72891789983946, 0.02764906103286385
26.050529373587455, 0.027694131455399063
26.372140847335448, 0.027734507042253522
26.69375232108344, 0.027780985915492957
27.015363794831433, 0.02782300469483568
27.336975268579426, 0.027855399061032862
27.65858674232742, 0.027908685446009388
27.980198216075415, 0.027941079812206573
28.301809689823408, 0.027977230046948357
28.6234211635714, 0.028003286384976525
28.945032637319393, 0.028017370892018778
29.266644111067386, 0.028037089201877936
29.58825558481538, 0.02806056338028169
29.909867058563375, 0.028056338028169012
30.231478532311368, 0.028079342723004694
30.55309000605936, 0.02810492957746479
30.874701479807353, 0.02812018779342723
31.196312953555346, 0.028136150234741784
31.51792442730334, 0.028134976525821597
31.83953590105133, 0.028130985915492956
