0.0, 0.0
0.1569813673731207, 0.0003441767068273092
0.3139627347462414, 0.0006586345381526104
0.4709441021193621, 0.0009586345381526105
0.6279254694924828, 0.0012590361445783133
0.7849068368656036, 0.0015518072289156626
0.9418882042387242, 0.0018542168674698795
1.098869571611845, 0.002149397590361446
1.2558509389849657, 0.002457028112449799
1.4128323063580863, 0.0027662650602409636
1.5698136737312072, 0.0030542168674698796
1.7267950411043278, 0.0033461847389558235
1.8837764084774484, 0.003627710843373494
2.0407577758505693, 0.003933734939759037
2.19773914322369, 0.004229718875502008
2.3547205105968105, 0.004539759036144579
2.5117018779699314, 0.004837751004016064
2.6686832453430522, 0.005130923694779116
2.8256646127161726, 0.005444578313253012
2.9826459800892935, 0.005735341365461847
3.1396273474624143, 0.006027309236947791
3.2966087148355347, 0.006309638554216867
3.4535900822086556, 0.0065959839357429715
3.6105714495817764, 0.006900401606425703
3.767552816954897, 0.007188353413654618
3.9245341843280177, 0.007493574297188755
4.0815155517011386, 0.0077811244979919675
4.238496919074259, 0.008070281124497992
4.39547828644738, 0.008362650602409639
4.552459653820501, 0.008655020080321285
4.709441021193621, 0.008942971887550201
4.866422388566742, 0.009226104417670683
5.023403755939863, 0.009522088353413654
5.180385123312983, 0.009813253012048193
5.3373664906861045, 0.010098795180722892
5.494347858059225, 0.01037991967871486
5.651329225432345, 0.010680321285140562
5.808310592805467, 0.010977510040160643
5.965291960178587, 0.011277510040160643
6.122273327551707, 0.011572690763052208
6.279254694924829, 0.011872690763052208
6.436236062297949, 0.012183132530120482
6.5932174296710695, 0.012483132530120481
6.750198797044191, 0.01277871485943775
6.907180164417311, 0.01306867469879518
7.064161531790432, 0.0133570281124498
7.221142899163553, 0.013657429718875501
7.378124266536673, 0.013953012048192772
7.535105633909794, 0.014275903614457831
7.692087001282915, 0.014580321285140562
7.849068368656035, 0.014883534136546184
8.006049736029157, 0.015178313253012048
8.163031103402277, 0.015466666666666667
8.320012470775398, 0.01575140562248996
8.476993838148518, 0.016059437751004015
8.633975205521638, 0.016342168674698794
8.79095657289476, 0.01664578313253012
8.947937940267881, 0.016953012048192773
9.104919307641001, 0.01722289156626506
9.261900675014122, 0.01751044176706827
9.418882042387242, 0.017796385542168676
9.575863409760363, 0.01805582329317269
9.732844777133485, 0.018306827309236946
9.889826144506605, 0.01853855421686747
10.046807511879726, 0.018763453815261046
10.203788879252846, 0.01895542168674699
10.360770246625966, 0.019120481927710844
10.517751613999089, 0.019290763052208837
10.674732981372209, 0.01941726907630522
10.83171434874533, 0.019555020080321284
10.98869571611845, 0.019665863453815262
11.14567708349157, 0.01977871485943775
11.30265845086469, 0.0198425702811245
11.459639818237813, 0.01991606425702811
11.616621185610933, 0.019979518072289155
11.773602552984054, 0.020031726907630523
11.930583920357174, 0.02007951807228916
12.087565287730294, 0.02012289156626506
12.244546655103415, 0.020145381526104417
12.401528022476537, 0.02020441767068273
12.558509389849657, 0.020211646586345382
12.715490757222778, 0.020242570281124497
12.872472124595898, 0.020262248995983934
13.029453491969019, 0.020271485943775102
13.186434859342139, 0.020295983935742973
13.343416226715261, 0.020307630522088352
13.500397594088382, 0.02031686746987952
13.657378961461502, 0.020354618473895584
13.814360328834622, 0.020336546184738957
13.971341696207743, 0.020366265060240963
14.128323063580863, 0.020404016064257027
14.285304430953985, 0.02039397590361446
14.442285798327106, 0.020401204819277107
14.599267165700226, 0.020425301204819276
14.756248533073347, 0.020425301204819276
14.913229900446467, 0.020432128514056225
15.070211267819587, 0.020435341365461848
15.22719263519271, 0.020425301204819276
15.38417400256583, 0.020421686746987952
15.54115536993895, 0.020424497991967872
