0.0, 0.0
0.36116433522288716, 0.00010591603053435115
0.7223286704457743, 0.00020209923664122137
1.0834930056686614, 0.0002950381679389313
1.4446573408915486, 0.00039083969465648856
1.805821676114436, 0.000490267175572519
2.1669860113373227, 0.000584732824427481
2.52815034656021, 0.0006811068702290077
2.8893146817830972, 0.0007723282442748091
3.2504790170059845, 0.0008681297709923664
3.611643352228872, 0.0009639312977099237
3.9728076874517586, 0.0010620229007633588
4.333972022674645, 0.0011528625954198473
4.695136357897533, 0.0012435114503816793
5.05630069312042, 0.0013400763358778626
5.417465028343307, 0.001432824427480916
5.7786293635661945, 0.00153206106870229
6.139793698789082, 0.001626526717557252
6.500958034011969, 0.001726145038167939
6.862122369234856, 0.0018213740458015268
7.223286704457744, 0.001909351145038168
7.58445103968063, 0.0020061068702290075
7.945615374903517, 0.002094656488549618
8.306779710126404, 0.002191412213740458
8.66794404534929, 0.002282442748091603
9.029108380572179, 0.0023790076335877862
9.390272715795065, 0.002479198473282443
9.751437051017954, 0.0025687022900763357
10.11260138624084, 0.002662595419847328
10.473765721463728, 0.002761641221374046
10.834930056686614, 0.0028568702290076337
11.196094391909503, 0.002955534351145038
11.557258727132389, 0.0030501908396946566
11.918423062355275, 0.003148854961832061
12.279587397578164, 0.0032408396946564887
12.64075173280105, 0.0033404580152671757
13.001916068023938, 0.003436832061068702
13.363080403246824, 0.003537213740458015
13.724244738469713, 0.0036412213740458013
14.085409073692599, 0.003742175572519084
14.446573408915487, 0.003830534351145038
14.807737744138374, 0.003925763358778626
15.16890207936126, 0.004017557251908397
15.530066414584148, 0.0041068702290076335
15.891230749807034, 0.004199618320610687
16.25239508502992, 0.004290839694656489
16.61355942025281, 0.004389503816793893
16.974723755475697, 0.004472328244274809
17.33588809069858, 0.004566221374045802
17.69705242592147, 0.00466030534351145
18.058216761144358, 0.004747709923664122
18.419381096367246, 0.004843511450381679
18.78054543159013, 0.004940076335877863
19.14170976681302, 0.005029580152671756
19.502874102035907, 0.0051232824427480915
19.864038437258795, 0.005212595419847328
20.22520277248168, 0.005309732824427481
20.586367107704568, 0.00540324427480916
20.947531442927456, 0.005502099236641221
21.30869577815034, 0.0055998091603053435
21.66986011337323, 0.005694847328244275
22.031024448596117, 0.005788931297709923
22.392188783819005, 0.0058788167938931294
22.75335311904189, 0.00595706106870229
23.114517454264778, 0.006041030534351145
23.475681789487666, 0.006112404580152672
23.83684612471055, 0.006174427480916031
24.19801045993344, 0.00622442748091603
24.559174795156327, 0.006267748091603053
24.920339130379215, 0.006299236641221374
25.2815034656021, 0.006320038167938931
25.642667800824988, 0.006336259541984733
26.003832136047876, 0.0063622137404580155
26.36499647127076, 0.006367748091603054
26.72616080649365, 0.006372900763358779
27.087325141716537, 0.006390648854961832
27.448489476939425, 0.006404007633587786
27.80965381216231, 0.006411068702290077
28.170818147385198, 0.00643206106870229
28.531982482608086, 0.006429007633587786
28.893146817830974, 0.006425381679389313
29.25431115305386, 0.006417557251908397
29.615475488276747, 0.006415839694656488
29.976639823499635, 0.006427671755725191
30.33780415872252, 0.006441030534351145
30.698968493945408, 0.006439312977099237
31.060132829168296, 0.006443129770992366
31.421297164391184, 0.00644675572519084
31.78246149961407, 0.006444847328244275
32.14362583483695, 0.0064547709923664124
32.50479017005984, 0.006454198473282443
32.86595450528273, 0.006453435114503817
33.22711884050562, 0.006452671755725191
33.588283175728506, 0.006447519083969466
33.949447510951394, 0.006445038167938931
34.31061184617428, 0.006461068702290076
34.67177618139716, 0.0064570610687022904
35.03294051662005, 0.006451526717557252
35.39410485184294, 0.006448091603053435
35.75526918706583, 0.006441603053435115
