0.0, 0.0
0.3395246553508467, 0.000276734693877551
0.6790493107016934, 0.0005340816326530612
1.0185739660525401, 0.0007942857142857143
1.3580986214033868, 0.0010389795918367348
1.6976232767542334, 0.0012895918367346938
2.0371479321050803, 0.0015418367346938776
2.3766725874559267, 0.0017942857142857142
2.7161972428067735, 0.0020457142857142857
3.0557218981576204, 0.0022948979591836736
3.395246553508467, 0.002556734693877551
3.7347712088593137, 0.0027987755102040815
4.0742958642101605, 0.0030573469387755103
4.413820519561007, 0.0033063265306122447
4.753345174911853, 0.003553877551020408
5.092869830262701, 0.003807551020408163
5.432394485613547, 0.0040636734693877555
5.7719191409643935, 0.004321020408163265
6.111443796315241, 0.004573469387755102
6.450968451666087, 0.004820612244897959
6.790493107016934, 0.005074489795918367
7.130017762367781, 0.005320204081632653
7.469542417718627, 0.005565714285714286
7.809067073069474, 0.005813061224489796
8.148591728420321, 0.006075510204081633
8.488116383771168, 0.006325918367346939
8.827641039122014, 0.006565918367346939
9.16716569447286, 0.006820816326530612
9.506690349823707, 0.007075714285714286
9.846215005174555, 0.007328367346938775
10.185739660525401, 0.007587755102040817
10.525264315876248, 0.007837755102040817
10.864788971227094, 0.008098571428571429
11.20431362657794, 0.008341632653061225
11.543838281928787, 0.008599387755102042
11.883362937279633, 0.008836530612244898
12.222887592630482, 0.009084489795918367
12.562412247981328, 0.009330408163265306
12.901936903332174, 0.009581632653061225
13.24146155868302, 0.009829795918367346
13.580986214033867, 0.010073469387755102
13.920510869384714, 0.010337142857142857
14.260035524735562, 0.010597755102040817
14.599560180086408, 0.010850204081632652
14.939084835437255, 0.011100408163265307
15.278609490788101, 0.01134591836734694
15.618134146138948, 0.011601224489795918
15.957658801489794, 0.011842448979591837
16.297183456840642, 0.012080612244897959
16.63670811219149, 0.012327755102040816
16.976232767542335, 0.01255795918367347
17.31575742289318, 0.012818163265306123
17.655282078244028, 0.013049795918367347
17.994806733594874, 0.01329673469387755
18.33433138894572, 0.013538367346938775
18.673856044296567, 0.013804489795918367
19.013380699647414, 0.014056530612244898
19.35290535499826, 0.014305918367346938
19.69243001034911, 0.014547142857142857
20.031954665699956, 0.01479938775510204
20.371479321050803, 0.01505
20.71100397640165, 0.015285510204081632
21.050528631752496, 0.015520408163265307
21.390053287103342, 0.015734081632653062
21.72957794245419, 0.015934285714285713
22.069102597805035, 0.016116326530612245
22.40862725315588, 0.01626714285714286
22.748151908506728, 0.016423469387755102
23.087676563857574, 0.01655469387755102
23.42720121920842, 0.016655102040816328
23.766725874559267, 0.016729591836734694
24.106250529910117, 0.016785510204081634
24.445775185260963, 0.016859183673469388
24.78529984061181, 0.01692551020408163
25.124824495962656, 0.01695673469387755
25.464349151313503, 0.01697795918367347
25.80387380666435, 0.01701673469387755
26.143398462015195, 0.0170434693877551
26.48292311736604, 0.01706408163265306
26.822447772716888, 0.017078979591836733
27.161972428067735, 0.017084285714285715
27.50149708341858, 0.017108367346938776
27.841021738769427, 0.01710591836734694
28.180546394120274, 0.017120816326530612
28.520071049471124, 0.017142244897959184
28.85959570482197, 0.017148775510204082
29.199120360172817, 0.017148367346938774
29.538645015523663, 0.01715204081632653
29.87816967087451, 0.01714857142857143
30.217694326225356, 0.01714183673469388
30.557218981576202, 0.017156938775510205
30.89674363692705, 0.017143877551020408
31.236268292277895, 0.017152857142857143
31.57579294762874, 0.017156734693877553
31.915317602979588, 0.01716183673469388
32.254842258330434, 0.017151020408163267
32.594366913681284, 0.017151632653061223
32.93389156903213, 0.01714734693877551
33.27341622438298, 0.017155510204081632
33.61294087973382, 0.01716142857142857
