0.0, 0.0
0.04925632292573156, 0.0004690140845070423
0.09851264585146312, 0.0009380281690140846
0.14776896877719467, 0.0013605633802816902
0.19702529170292624, 0.0017676056338028169
0.2462816146286578, 0.0021436619718309857
0.29553793755438934, 0.0024901408450704226
0.3447942604801209, 0.0028464788732394364
0.3940505834058525, 0.003240845070422535
0.44330690633158404, 0.003612676056338028
0.4925632292573156, 0.003970422535211268
0.5418195521830471, 0.00436056338028169
0.5910758751087787, 0.00469718309859155
0.6403321980345102, 0.005022535211267606
0.6895885209602418, 0.005384507042253521
0.7388448438859734, 0.005753521126760563
0.788101166811705, 0.006101408450704226
0.8373574897374365, 0.006450704225352113
0.8866138126631681, 0.006802816901408451
0.9358701355888996, 0.007154929577464789
0.9851264585146312, 0.0074845070422535215
1.0343827814403628, 0.007832394366197183
1.0836391043660942, 0.00815774647887324
1.132895427291826, 0.008492957746478872
1.1821517502175574, 0.008825352112676056
1.231408073143289, 0.009230985915492958
1.2806643960690205, 0.009559154929577466
1.3299207189947522, 0.009911267605633803
1.3791770419204836, 0.010246478873239437
1.4284333648462153, 0.010550704225352113
1.4776896877719468, 0.010887323943661972
1.5269460106976784, 0.011259154929577464
1.57620233362341, 0.011619718309859155
1.6254586565491413, 0.011954929577464789
1.674714979474873, 0.012292957746478874
1.7239713024006045, 0.012625352112676057
1.7732276253263362, 0.012946478873239436
1.8224839482520676, 0.013264788732394367
1.8717402711777993, 0.013638028169014084
1.9209965941035307, 0.014015492957746479
1.9702529170292624, 0.014409859154929577
2.019509239954994, 0.014771830985915493
2.0687655628807256, 0.015119718309859155
2.1180218858064572, 0.015446478873239437
2.1672782087321885, 0.01581267605633803
2.21653453165792, 0.016180281690140845
2.265790854583652, 0.016508450704225353
2.3150471775093835, 0.016846478873239437
2.3643035004351147, 0.017214084507042253
2.4135598233608464, 0.017532394366197183
2.462816146286578, 0.01785774647887324
2.5120724692123093, 0.0182
2.561328792138041, 0.01858169014084507
2.6105851150637727, 0.018911267605633802
2.6598414379895043, 0.01921549295774648
2.7090977609152356, 0.019512676056338028
2.7583540838409673, 0.01976619718309859
2.807610406766699, 0.02005070422535211
2.8568667296924306, 0.020311267605633804
2.906123052618162, 0.020566197183098593
2.9553793755438935, 0.0208
3.004635698469625, 0.021053521126760563
3.053892021395357, 0.021259154929577466
3.103148344321088, 0.021473239436619718
3.15240466724682, 0.02169154929577465
3.2016609901725515, 0.02185492957746479
3.2509173130982827, 0.022004225352112675
3.3001736360240144, 0.02214507042253521
3.349429958949746, 0.022256338028169013
3.3986862818754777, 0.02235774647887324
3.447942604801209, 0.02253380281690141
3.4971989277269406, 0.022628169014084508
3.5464552506526723, 0.022738028169014084
3.595711573578404, 0.022792957746478874
3.644967896504135, 0.022830985915492957
3.694224219429867, 0.022869014084507044
3.7434805423555986, 0.022925352112676056
3.7927368652813302, 0.023014084507042253
3.8419931882070615, 0.02304929577464789
3.891249511132793, 0.023074647887323944
3.940505834058525, 0.02308169014084507
3.989762156984256, 0.023119718309859157
4.039018479909988, 0.023123943661971832
4.088274802835719, 0.023138028169014085
4.137531125761451, 0.02317887323943662
4.186787448687182, 0.02323098591549296
4.2360437716129145, 0.0233
4.285300094538646, 0.023328169014084507
4.334556417464377, 0.02336619718309859
4.383812740390109, 0.023381690140845072
4.43306906331584, 0.023405633802816902
4.4823253862415715, 0.023411267605633803
4.531581709167304, 0.023381690140845072
4.580838032093035, 0.02339718309859155
4.630094355018767, 0.02336901408450704
4.679350677944498, 0.023422535211267605
4.7286070008702294, 0.023454929577464787
4.777863323795962, 0.023416901408450704
4.827119646721693, 0.023446478873239435
4.876375969647424, 0.023471830985915494
