0.0, 0.0
0.02031711103239602, 0.0003
0.04063422206479204, 0.0005407407407407407
0.06095133309718806, 0.0008148148148148148
0.08126844412958407, 0.0011074074074074074
0.10158555516198009, 0.001362962962962963
0.12190266619437612, 0.0016888888888888889
0.14221977722677212, 0.0019407407407407407
0.16253688825916815, 0.0022518518518518517
0.18285399929156418, 0.0025074074074074074
0.20317111032396018, 0.0028333333333333335
0.2234882213563562, 0.003022222222222222
0.24380533238875224, 0.003262962962962963
0.26412244342114827, 0.003551851851851852
0.28443955445354424, 0.0038074074074074074
0.30475666548594027, 0.0040185185185185185
0.3250737765183363, 0.004266666666666667
0.34539088755073233, 0.004518518518518519
0.36570799858312836, 0.0048
0.38602510961552433, 0.005051851851851852
0.40634222064792036, 0.005311111111111111
0.4266593316803164, 0.005562962962962963
0.4469764427127124, 0.005807407407407408
0.46729355374510845, 0.0060888888888888885
0.4876106647775045, 0.0063296296296296295
0.5079277758099005, 0.006562962962962963
0.5282448868422965, 0.006833333333333334
0.5485619978746925, 0.007081481481481481
0.5688791089070885, 0.007333333333333333
0.5891962199394846, 0.007562962962962963
0.6095133309718805, 0.0077555555555555555
0.6298304420042766, 0.007992592592592593
0.6501475530366726, 0.008233333333333334
0.6704646640690686, 0.008448148148148147
0.6907817751014647, 0.008681481481481481
0.7110988861338606, 0.008955555555555555
0.7314159971662567, 0.00922962962962963
0.7517331081986527, 0.009444444444444445
0.7720502192310487, 0.009681481481481482
0.7923673302634447, 0.0099
0.8126844412958407, 0.010096296296296296
0.8330015523282368, 0.010314814814814815
0.8533186633606328, 0.01052962962962963
0.8736357743930288, 0.010674074074074074
0.8939528854254248, 0.010885185185185185
0.9142699964578208, 0.011103703703703704
0.9345871074902169, 0.011396296296296297
0.9549042185226129, 0.011585185185185184
0.975221329555009, 0.011807407407407407
0.9955384405874049, 0.012025925925925926
1.015855551619801, 0.01222962962962963
1.036172662652197, 0.012448148148148147
1.056489773684593, 0.012677777777777777
1.076806884716989, 0.012844444444444445
1.097123995749385, 0.012981481481481481
1.117441106781781, 0.01317037037037037
1.137758217814177, 0.013333333333333334
1.158075328846573, 0.013496296296296296
1.1783924398789691, 0.013640740740740741
1.198709550911365, 0.013807407407407407
1.219026661943761, 0.013962962962962963
1.2393437729761572, 0.014096296296296296
1.2596608840085532, 0.014192592592592593
1.2799779950409491, 0.014237037037037038
1.3002951060733452, 0.014385185185185185
1.3206122171057413, 0.014562962962962963
1.3409293281381371, 0.014688888888888888
1.3612464391705332, 0.014833333333333334
1.3815635502029293, 0.014937037037037037
1.4018806612353254, 0.015022222222222222
1.4221977722677213, 0.015096296296296297
1.4425148833001173, 0.0151
1.4628319943325134, 0.015125925925925926
1.4831491053649093, 0.015122222222222223
1.5034662163973054, 0.015051851851851853
1.5237833274297015, 0.015077777777777778
1.5441004384620973, 0.01512962962962963
1.5644175494944934, 0.015225925925925926
1.5847346605268895, 0.01524074074074074
1.6050517715592856, 0.015344444444444445
1.6253688825916814, 0.015396296296296297
1.6456859936240775, 0.015403703703703704
1.6660031046564736, 0.015437037037037037
1.6863202156888695, 0.015511111111111111
1.7066373267212656, 0.015548148148148148
1.7269544377536616, 0.015633333333333332
1.7472715487860575, 0.01571111111111111
1.7675886598184536, 0.015725925925925924
1.7879057708508497, 0.015792592592592594
1.8082228818832458, 0.01578888888888889
1.8285399929156416, 0.015792592592592594
1.8488571039480377, 0.015718518518518517
1.8691742149804338, 0.015737037037037035
1.8894913260128297, 0.015703703703703702
1.9098084370452257, 0.015748148148148147
1.9301255480776218, 0.015759259259259258
1.950442659110018, 0.015759259259259258
1.9707597701424138, 0.015748148148148147
1.9910768811748099, 0.015759259259259258
2.0113939922072057, 0.015833333333333335
