0.0, 0.0
0.222141919418101, 3.973941368078176e-05
0.444283838836202, 7.75244299674267e-05
0.666425758254303, 0.00012052117263843649
0.888567677672404, 0.00016188925081433224
1.110709597090505, 0.00020716612377850164
1.332851516508606, 0.0002485342019543974
1.554993435926707, 0.000290228013029316
1.777135355344808, 0.00033289902280130295
1.9992772747629088, 0.00038306188925081434
2.22141919418101, 0.0004224755700325733
2.443561113599111, 0.00046579804560260585
2.665703033017212, 0.0005091205211726384
2.8878449524353127, 0.0005511400651465798
3.109986871853414, 0.0005980456026058632
3.332128791271515, 0.0006420195439739414
3.554270710689616, 0.0006892508143322476
3.7764126301077168, 0.0007315960912052117
3.9985545495258177, 0.0007677524429967427
4.220696468943919, 0.0008182410423452768
4.44283838836202, 0.0008651465798045603
4.66498030778012, 0.0009107491856677524
4.887122227198222, 0.0009583061889250814
5.109264146616323, 0.0009964169381107492
5.331406066034424, 0.001039413680781759
5.553547985452525, 0.0010856677524429968
5.775689904870625, 0.0011250814332247558
5.997831824288727, 0.0011732899022801303
6.219973743706828, 0.0012192182410423454
6.442115663124929, 0.0012661237785016287
6.66425758254303, 0.0013110749185667753
6.88639950196113, 0.0013553745928338763
7.108541421379232, 0.001404885993485342
7.330683340797333, 0.0014488599348534202
7.5528252602154335, 0.0014941368078175896
7.774967179633535, 0.001531270358306189
7.997109099051635, 0.0015846905537459284
8.219251018469736, 0.0016351791530944625
8.441392937887837, 0.0016863192182410424
8.663534857305939, 0.001728013029315961
8.88567677672404, 0.001770358306188925
9.107818696142141, 0.0018087947882736157
9.32996061556024, 0.0018537459283387622
9.552102534978342, 0.001895114006514658
9.774244454396444, 0.0019338762214983712
9.996386373814545, 0.001973615635179153
10.218528293232646, 0.0020257328990228012
10.440670212650746, 0.002062540716612378
10.662812132068847, 0.0021074918566775245
10.884954051486949, 0.0021530944625407166
11.10709597090505, 0.002195439739413681
11.329237890323151, 0.002241042345276873
11.55137980974125, 0.0022925081433224754
11.773521729159352, 0.002341368078175896
11.995663648577453, 0.002388599348534202
12.217805567995555, 0.002436156351791531
12.439947487413656, 0.002482410423452769
12.662089406831756, 0.002521172638436482
12.884231326249857, 0.0025635179153094463
13.106373245667958, 0.0026078175895765474
13.32851516508606, 0.002654071661237785
13.550657084504161, 0.0026941368078175895
13.77279900392226, 0.0027335504885993484
13.994940923340362, 0.002763843648208469
14.217082842758463, 0.0027889250814332246
14.439224762176565, 0.002821824104234528
14.661366681594666, 0.0028446254071661237
14.883508601012766, 0.0028742671009771986
15.105650520430867, 0.002896416938110749
15.327792439848968, 0.0029035830618892506
15.54993435926707, 0.0029205211726384367
15.772076278685171, 0.0029273615635179153
15.99421819810327, 0.0029397394136807817
16.216360117521372, 0.0029485342019543973
16.43850203693947, 0.002946254071661238
16.660643956357575, 0.0029485342019543973
16.882785875775674, 0.002952442996742671
17.104927795193777, 0.0029651465798045604
17.327069714611877, 0.0029651465798045604
17.549211634029977, 0.0029667752442996743
17.77135355344808, 0.0029680781758957653
17.99349547286618, 0.0029664495114006513
18.215637392284282, 0.0029631921824104235
18.437779311702382, 0.002962540716612378
18.65992123112048, 0.002962540716612378
18.882063150538585, 0.002962540716612378
19.104205069956684, 0.002970032573289902
19.326346989374787, 0.002960586319218241
19.548488908792887, 0.0029648208469055374
19.770630828210987, 0.002950814332247557
19.99277274762909, 0.002956026058631922
20.21491466704719, 0.002960260586319218
20.437056586465292, 0.002965472312703583
20.659198505883392, 0.002956026058631922
20.88134042530149, 0.0029511400651465796
21.103482344719595, 0.0029511400651465796
21.325624264137694, 0.0029631921824104235
21.547766183555797, 0.0029693811074918567
21.769908102973897, 0.0029674267100977198
21.992050022391997, 0.0029690553745928337
