0.0, 0.0
0.2373430218689964, 0.00036948051948051947
0.4746860437379928, 0.0006811688311688311
0.7120290656069892, 0.000978896103896104
0.9493720874759856, 0.0012805194805194805
1.186715109344982, 0.0015737012987012988
1.4240581312139784, 0.0018707792207792208
1.6614011530829746, 0.0021633116883116883
1.8987441749519711, 0.0024594155844155845
2.1360871968209674, 0.002742857142857143
2.373430218689964, 0.0030324675324675324
2.6107732405589603, 0.003323376623376623
2.848116262427957, 0.0036266233766233764
3.0854592842969533, 0.003909415584415585
3.3228023061659493, 0.004187662337662337
3.5601453280349458, 0.004487337662337662
3.7974883499039422, 0.00477012987012987
4.034831371772938, 0.00508474025974026
4.272174393641935, 0.005381493506493506
4.509517415510931, 0.005683116883116883
4.746860437379928, 0.005975974025974026
4.984203459248924, 0.006274350649350649
5.221546481117921, 0.006556168831168831
5.458889502986917, 0.0068633116883116884
5.696232524855914, 0.007139285714285714
5.93357554672491, 0.007435714285714286
6.1709185685939065, 0.007738311688311688
6.408261590462902, 0.008029545454545454
6.645604612331899, 0.008313636363636363
6.882947634200895, 0.008609090909090908
7.1202906560698915, 0.008906818181818182
7.357633677938888, 0.00920909090909091
7.5949766998078845, 0.009485064935064935
7.832319721676881, 0.009786688311688312
8.069662743545877, 0.010088311688311688
8.307005765414873, 0.010379545454545454
8.54434878728387, 0.010677272727272728
8.781691809152866, 0.010962337662337663
9.019034831021862, 0.011273701298701299
9.256377852890859, 0.011554220779220779
9.493720874759855, 0.01183896103896104
9.731063896628852, 0.012135714285714286
9.968406918497848, 0.01242987012987013
10.205749940366845, 0.012734415584415584
10.443092962235841, 0.013027922077922078
10.680435984104838, 0.013313961038961038
10.917779005973834, 0.013597402597402598
11.15512202784283, 0.013889285714285715
11.392465049711827, 0.01419090909090909
11.629808071580824, 0.014503246753246754
11.86715109344982, 0.014801948051948052
12.104494115318817, 0.015088961038961039
12.341837137187813, 0.015370454545454545
12.57918015905681, 0.015663636363636362
12.816523180925804, 0.01596948051948052
13.0538662027948, 0.016252272727272726
13.291209224663797, 0.016548051948051947
13.528552246532794, 0.016839285714285713
13.76589526840179, 0.017131818181818182
14.003238290270787, 0.017411363636363638
14.240581312139783, 0.017691233766233765
14.47792433400878, 0.017941558441558442
14.715267355877776, 0.018201623376623375
14.952610377746772, 0.018444805194805194
15.189953399615769, 0.018664285714285713
15.427296421484765, 0.018885714285714287
15.664639443353762, 0.01905844155844156
15.901982465222758, 0.019214285714285715
16.139325487091753, 0.019370779220779222
16.37666850896075, 0.019503896103896103
16.614011530829746, 0.019612987012987013
16.851354552698744, 0.019707142857142857
17.08869757456774, 0.019771428571428572
17.326040596436737, 0.01985
17.563383618305732, 0.019931493506493505
17.80072664017473, 0.019974025974025974
18.038069662043725, 0.02002012987012987
18.275412683912723, 0.020060064935064934
18.512755705781718, 0.02010681818181818
18.750098727650716, 0.020141558441558443
18.98744174951971, 0.020181493506493505
19.22478477138871, 0.020187337662337664
19.462127793257704, 0.020206493506493506
19.699470815126702, 0.02023181818181818
19.936813836995697, 0.020261363636363636
20.174156858864695, 0.02025974025974026
20.41149988073369, 0.020275324675324675
20.648842902602684, 0.0202762987012987
20.886185924471683, 0.02029935064935065
21.123528946340677, 0.020283116883116882
21.360871968209675, 0.020276623376623375
21.59821499007867, 0.020287337662337663
21.83555801194767, 0.020281818181818182
22.072901033816663, 0.020293506493506492
22.31024405568566, 0.020289285714285715
22.547587077554656, 0.020286363636363637
22.784930099423654, 0.020313636363636364
23.02227312129265, 0.020282142857142856
23.259616143161647, 0.02028538961038961
23.496959165030642, 0.020294805194805195
