0.0, 0.0
0.3098050518202087, 0.00038756345177664973
0.6196101036404174, 0.0007187817258883249
0.929415155460626, 0.0010588832487309645
1.2392202072808347, 0.0013936548223350254
1.5490252591010434, 0.001733248730964467
1.858830310921252, 0.0020682741116751268
2.168635362741461, 0.0024
2.4784404145616694, 0.0027225888324873097
2.788245466381878, 0.0030619289340101524
3.0980505182020868, 0.003384263959390863
3.4078555700222957, 0.0037225888324873098
3.717660621842504, 0.00404746192893401
4.027465673662713, 0.004376142131979696
4.337270725482922, 0.004702030456852792
4.64707577730313, 0.00502741116751269
4.956880829123339, 0.005357106598984772
5.266685880943547, 0.005701776649746193
5.576490932763756, 0.006044670050761421
5.886295984583965, 0.006373096446700507
6.1961010364041735, 0.006717766497461929
6.505906088224382, 0.0070431472081218275
6.815711140044591, 0.007375888324873096
7.1255161918648, 0.007703553299492386
7.435321243685008, 0.008045685279187817
7.745126295505217, 0.008378680203045686
8.054931347325425, 0.008726395939086294
8.364736399145634, 0.009058121827411168
8.674541450965844, 0.009404568527918782
8.984346502786051, 0.009747969543147208
9.29415155460626, 0.010088071065989848
9.603956606426468, 0.010431218274111675
9.913761658246678, 0.010779187817258883
10.223566710066887, 0.011116751269035533
10.533371761887095, 0.01146497461928934
10.843176813707304, 0.011808121827411167
11.152981865527511, 0.012131472081218274
11.46278691734772, 0.012467258883248731
11.77259196916793, 0.012801015228426397
12.082397020988138, 0.013131472081218273
12.392202072808347, 0.01346472081218274
12.702007124628556, 0.013801015228426396
13.011812176448764, 0.014145685279187817
13.321617228268973, 0.014498223350253808
13.631422280089183, 0.014823350253807106
13.94122733190939, 0.015159644670050761
14.2510323837296, 0.015483756345177666
14.560837435549807, 0.015818527918781727
14.870642487370016, 0.01614746192893401
15.180447539190226, 0.016494416243654823
15.490252591010433, 0.016836802030456854
15.800057642830643, 0.017181472081218275
16.10986269465085, 0.01750989847715736
16.41966774647106, 0.017841878172588834
16.72947279829127, 0.01818527918781726
17.03927785011148, 0.01852284263959391
17.349082901931688, 0.018860659898477156
17.658887953751893, 0.019178934010152283
17.968693005572103, 0.019496192893401015
18.278498057392312, 0.01982284263959391
18.58830310921252, 0.020149492385786803
18.89810816103273, 0.020472588832487308
19.207913212852937, 0.020788071065989847
19.517718264673146, 0.021076142131979697
19.827523316493355, 0.021334517766497463
20.137328368313565, 0.021578426395939085
20.447133420133774, 0.021786802030456853
20.75693847195398, 0.021978172588832487
21.06674352377419, 0.02214492385786802
21.3765485755944, 0.022284517766497463
21.686353627414608, 0.022425380710659897
21.996158679234817, 0.02255228426395939
22.305963731055023, 0.02264517766497462
22.615768782875232, 0.02275
22.92557383469544, 0.022832994923857867
23.23537888651565, 0.022912944162436548
23.54518393833586, 0.022985786802030457
23.85498899015607, 0.02305761421319797
24.164794041976275, 0.023093908629441624
24.474599093796485, 0.02314517766497462
24.784404145616694, 0.023194162436548222
25.094209197436903, 0.02323020304568528
25.404014249257113, 0.02328223350253807
25.71381930107732, 0.02329289340101523
26.023624352897528, 0.02331979695431472
26.333429404717737, 0.023348730964467004
26.643234456537947, 0.023376142131979697
26.953039508358156, 0.023393654822335026
27.262844560178365, 0.023402030456852792
27.57264961199857, 0.023424365482233502
27.88245466381878, 0.023431725888324872
28.19225971563899, 0.023455329949238577
28.5020647674592, 0.023471573604060915
28.81186981927941, 0.023489593908629442
29.121674871099614, 0.023515482233502537
29.431479922919824, 0.02351979695431472
29.741284974740033, 0.023526142131979694
30.051090026560242, 0.023523350253807106
30.36089507838045, 0.023501015228426396
30.670700130200657, 0.023522842639593908
30.980505182020867, 0.023526649746192892
