0.0, 0.0
0.21784465862040062, 0.00029728813559322034
0.43568931724080123, 0.0005467796610169491
0.6535339758612019, 0.0007820338983050847
0.8713786344816025, 0.0010145762711864406
1.0892232931020032, 0.0012216949152542374
1.3070679517224038, 0.0014454237288135593
1.5249126103428043, 0.0016552542372881356
1.742757268963205, 0.0018820338983050848
1.9606019275836055, 0.002102372881355932
2.1784465862040063, 0.0023349152542372882
2.3962912448244067, 0.002555593220338983
2.6141359034448075, 0.0027769491525423727
2.831980562065208, 0.0029938983050847457
3.0498252206856087, 0.003216271186440678
3.267669879306009, 0.003467457627118644
3.48551453792641, 0.0036847457627118643
3.7033591965468107, 0.003913559322033898
3.921203855167211, 0.004134915254237288
4.139048513787611, 0.0043498305084745765
4.356893172408013, 0.004561694915254238
4.574737831028413, 0.00478135593220339
4.792582489648813, 0.0050006779661016946
5.010427148269214, 0.005229152542372882
5.228271806889615, 0.005450169491525424
5.446116465510015, 0.005675593220338983
5.663961124130416, 0.005898983050847457
5.881805782750817, 0.006129491525423729
6.099650441371217, 0.00636
6.317495099991618, 0.006569830508474576
6.535339758612018, 0.006803728813559322
6.753184417232419, 0.007023389830508474
6.97102907585282, 0.007238983050847457
7.18887373447322, 0.007468474576271186
7.406718393093621, 0.0076877966101694915
7.624563051714022, 0.007919661016949152
7.842407710334422, 0.008147118644067797
8.060252368954822, 0.008365084745762712
8.278097027575223, 0.00858813559322034
8.495941686195623, 0.00880271186440678
8.713786344816025, 0.009014237288135593
8.931631003436426, 0.009245423728813559
9.149475662056826, 0.009452881355932204
9.367320320677226, 0.009684406779661018
9.585164979297627, 0.009909491525423728
9.803009637918027, 0.010120677966101695
10.020854296538428, 0.010328813559322034
10.23869895515883, 0.010542033898305084
10.45654361377923, 0.01075864406779661
10.67438827239963, 0.01098271186440678
10.89223293102003, 0.011187796610169491
11.110077589640431, 0.01140135593220339
11.327922248260831, 0.011632203389830509
11.545766906881232, 0.011843728813559322
11.763611565501634, 0.012063728813559322
11.981456224122034, 0.012303389830508474
12.199300882742435, 0.012525423728813559
12.417145541362835, 0.01274406779661017
12.634990199983235, 0.012947457627118644
12.852834858603636, 0.013153898305084746
13.070679517224036, 0.013366101694915254
13.288524175844438, 0.01355864406779661
13.506368834464839, 0.013743728813559323
13.724213493085239, 0.013905084745762712
13.94205815170564, 0.01408
14.15990281032604, 0.014231186440677966
14.37774746894644, 0.014353220338983052
14.59559212756684, 0.014456271186440679
14.813436786187243, 0.014526101694915253
15.031281444807643, 0.014611525423728814
15.249126103428043, 0.01468135593220339
15.466970762048444, 0.014734915254237289
15.684815420668844, 0.01476271186440678
15.902660079289245, 0.014811186440677967
16.120504737909645, 0.014828135593220338
16.338349396530045, 0.01484406779661017
16.556194055150446, 0.014865762711864407
16.774038713770846, 0.014877966101694916
16.991883372391246, 0.014888474576271186
17.20972803101165, 0.014883728813559321
17.42757268963205, 0.014877966101694916
17.64541734825245, 0.014883389830508475
17.86326200687285, 0.014891525423728813
18.08110666549325, 0.014893898305084747
18.298951324113652, 0.014896949152542372
18.516795982734052, 0.014896271186440678
18.734640641354453, 0.01490271186440678
18.952485299974853, 0.014912881355932203
19.170329958595254, 0.014911186440677966
19.388174617215654, 0.014920677966101695
19.606019275836054, 0.014901694915254237
19.823863934456455, 0.014901016949152543
20.041708593076855, 0.01490406779661017
20.25955325169726, 0.01489322033898305
20.47739791031766, 0.014903728813559322
20.69524256893806, 0.014906440677966102
20.91308722755846, 0.01488406779661017
21.13093188617886, 0.014882033898305084
21.34877654479926, 0.014867796610169492
21.56662120341966, 0.014871525423728814
