0.0, 0.0
0.4986507940545005, 0.0001794378698224852
0.997301588109001, 0.0003556213017751479
1.4959523821635017, 0.0005298816568047337
1.994603176218002, 0.0006976331360946745
2.4932539702725025, 0.0008745562130177515
2.9919047643270034, 0.0010526627218934912
3.4905555583815038, 0.0012365384615384614
3.989206352436004, 0.0014183431952662722
4.487857146490505, 0.0015914201183431953
4.986507940545005, 0.0017718934911242603
5.485158734599506, 0.001952810650887574
5.983809528654007, 0.0021295857988165683
6.482460322708507, 0.0023057692307692306
6.9811111167630076, 0.002476775147928994
7.4797619108175075, 0.0026492603550295857
7.978412704872008, 0.0028205621301775146
8.477063498926508, 0.002998372781065089
8.97571429298101, 0.0031791420118343194
9.47436508703551, 0.003348224852071006
9.97301588109001, 0.0035227810650887573
10.471666675144512, 0.00370103550295858
10.970317469199012, 0.0038757396449704143
11.468968263253512, 0.004047337278106509
11.967619057308013, 0.004222189349112426
12.466269851362513, 0.004398372781065089
12.964920645417013, 0.004567751479289941
13.463571439471513, 0.004736686390532544
13.962222233526015, 0.004911242603550296
14.460873027580515, 0.005085502958579882
14.959523821635015, 0.005263313609467456
15.458174615689517, 0.005440828402366864
15.956825409744017, 0.005616715976331361
16.45547620379852, 0.005790828402366864
16.954126997853017, 0.005973076923076923
17.45277779190752, 0.0061436390532544375
17.95142858596202, 0.006329437869822485
18.45007938001652, 0.006500591715976331
18.94873017407102, 0.006681360946745562
19.447380968125522, 0.00685414201183432
19.94603176218002, 0.007028402366863905
20.444682556234522, 0.007204437869822485
20.943333350289024, 0.007382396449704142
21.44198414434352, 0.007558284023668639
21.940634938398023, 0.007735502958579881
22.439285732452525, 0.007912278106508876
22.937936526507023, 0.008095118343195266
23.436587320561525, 0.0082698224852071
23.935238114616027, 0.008444822485207101
24.433888908670525, 0.008630177514792899
24.932539702725027, 0.008807544378698224
25.431190496779525, 0.008986834319526626
25.929841290834027, 0.009154881656804734
26.42849208488853, 0.009333284023668639
26.927142878943027, 0.009507100591715976
27.42579367299753, 0.009672041420118344
27.92444446705203, 0.009852810650887575
28.42309526110653, 0.01002810650887574
28.92174605516103, 0.01020828402366864
29.420396849215532, 0.010385355029585798
29.91904764327003, 0.01055680473372781
30.417698437324532, 0.010726183431952663
30.916349231379034, 0.010896745562130177
31.41500002543353, 0.01105828402366864
31.913650819488034, 0.011209763313609468
32.41230161354253, 0.011345562130177515
32.91095240759704, 0.011476627218934912
33.409603201651535, 0.011577958579881658
33.90825399570603, 0.011660798816568048
34.40690478976054, 0.01173076923076923
34.90555558381504, 0.011785355029585798
35.404206377869535, 0.011830029585798816
35.90285717192404, 0.011860798816568048
36.40150796597854, 0.011889349112426036
36.90015876003304, 0.011912130177514793
37.39880955408754, 0.011925739644970415
37.89746034814204, 0.011947633136094675
38.39611114219654, 0.011954289940828403
38.894761936251044, 0.011943343195266272
39.39341273030554, 0.01195621301775148
39.89206352436004, 0.011963905325443787
40.390714318414545, 0.01195991124260355
40.889365112469044, 0.011976775147928994
41.38801590652354, 0.011975295857988165
41.88666670057805, 0.011975443786982249
42.385317494632545, 0.011967307692307692
42.88396828868704, 0.011963461538461539
43.38261908274155, 0.011971005917159763
43.88126987679605, 0.01198284023668639
44.379920670850545, 0.011979437869822486
44.87857146490505, 0.011982396449704141
45.37722225895955, 0.011983579881656804
45.87587305301405, 0.011980029585798817
46.37452384706855, 0.011985059171597633
46.87317464112305, 0.011979585798816568
47.37182543517755, 0.011980473372781065
47.870476229232054, 0.011993786982248521
48.36912702328655, 0.011992011834319527
48.86777781734105, 0.012002366863905326
49.36642861139555, 0.012001775147928995
