0.0, 0.0
0.271448542504018, 0.00020626631853785902
0.542897085008036, 0.00039947780678851173
0.814345627512054, 0.0005845953002610966
1.085794170016072, 0.0007663185378590079
1.35724271252009, 0.0009532637075718016
1.628691255024108, 0.0011344647519582246
1.900139797528126, 0.0013224543080939948
2.171588340032144, 0.0015018276762402089
2.443036882536162, 0.001685117493472585
2.71448542504018, 0.0018741514360313316
2.9859339675441983, 0.0020485639686684074
3.257382510048216, 0.0022339425587467364
3.528831052552234, 0.0024117493472584858
3.800279595056252, 0.0025843342036553523
4.07172813756027, 0.0027608355091383813
4.343176680064288, 0.002941253263707572
4.614625222568306, 0.0031237597911227153
4.886073765072324, 0.0033057441253263706
5.157522307576342, 0.003497389033942559
5.42897085008036, 0.0036702349869451698
5.7004193925843785, 0.003844125326370757
5.9718679350883965, 0.004020626631853786
6.243316477592415, 0.004204177545691906
6.514765020096432, 0.004378851174934726
6.78621356260045, 0.004560835509138381
7.057662105104468, 0.0047349869451697125
7.329110647608486, 0.00491201044386423
7.600559190112504, 0.005088250652741514
7.872007732616522, 0.005273629242819843
8.14345627512054, 0.005455352480417754
8.414904817624558, 0.005634725848563968
8.686353360128576, 0.005826370757180156
8.957801902632594, 0.005994255874673629
9.229250445136612, 0.006191383812010444
9.50069898764063, 0.006365274151436031
9.772147530144649, 0.006538381201044386
10.043596072648667, 0.006733420365535248
10.315044615152685, 0.006921671018276763
10.586493157656703, 0.007097127937336815
10.85794170016072, 0.007272062663185378
11.129390242664739, 0.007460313315926893
11.400838785168757, 0.00764177545691906
11.672287327672775, 0.007814099216710182
11.943735870176793, 0.007990078328981723
12.215184412680811, 0.008156657963446475
12.48663295518483, 0.008341253263707571
12.758081497688847, 0.00851070496083551
13.029530040192864, 0.00868355091383812
13.300978582696882, 0.008855874673629242
13.5724271252009, 0.009037859007832898
13.843875667704918, 0.009215926892950392
14.115324210208936, 0.009406527415143603
14.386772752712954, 0.009578851174934726
14.658221295216972, 0.009763707571801566
14.92966983772099, 0.009947258485639687
15.201118380225008, 0.010116187989556135
15.472566922729026, 0.010295822454308094
15.744015465233044, 0.010473368146214098
16.015464007737062, 0.01064804177545692
16.28691255024108, 0.010829242819843342
16.5583610927451, 0.010997650130548303
16.829809635249116, 0.011143864229765012
17.101258177753135, 0.011289556135770235
17.372706720257153, 0.011421409921671018
17.64415526276117, 0.011551174934725848
17.91560380526519, 0.011661618798955614
18.187052347769207, 0.011761879895561357
18.458500890273225, 0.01184360313315927
18.729949432777243, 0.011912793733681462
19.00139797528126, 0.011983812010443864
19.27284651778528, 0.012021148825065274
19.544295060289297, 0.012061618798955613
19.815743602793315, 0.01208798955613577
20.087192145297333, 0.012118276762402088
20.35864068780135, 0.01212532637075718
20.63008923030537, 0.01214308093994778
20.901537772809387, 0.012149869451697128
21.172986315313405, 0.012173629242819844
21.444434857817424, 0.012179895561357703
21.71588340032144, 0.012175195822454308
21.98733194282546, 0.012207571801566579
22.258780485329478, 0.012202610966057442
22.530229027833496, 0.012194778067885118
22.801677570337514, 0.012197650130548302
23.073126112841532, 0.012194778067885118
23.34457465534555, 0.01219242819843342
23.616023197849568, 0.012189556135770234
23.887471740353586, 0.012190861618798956
24.158920282857604, 0.012179634464751959
24.430368825361622, 0.012200522193211489
24.70181736786564, 0.012193994778067886
24.97326591036966, 0.01220313315926893
25.244714452873676, 0.01220443864229765
25.516162995377695, 0.012212010443864229
25.787611537881713, 0.01222976501305483
26.059060080385727, 0.01222088772845953
26.330508622889745, 0.012233681462140992
26.601957165393763, 0.012234464751958225
26.87340570789778, 0.012231592689295039
27.1448542504018, 0.012225065274151436
