0.0, 0.0
0.23828226594215302, 0.000140785498489426
0.47656453188430603, 0.00027099697885196375
0.714846797826459, 0.0004018126888217523
0.9531290637686121, 0.0005335347432024169
1.1914113297107651, 0.0006577039274924471
1.429693595652918, 0.0007758308157099698
1.667975861595071, 0.0008966767371601208
1.9062581275372241, 0.001027190332326284
2.144540393479377, 0.0011474320241691843
2.3828226594215303, 0.001281570996978852
2.6211049253636833, 0.0014148036253776434
2.859387191305836, 0.0015429003021148037
3.097669457247989, 0.0016583081570996979
3.335951723190142, 0.0017758308157099698
3.574233989132295, 0.0018966767371601208
3.8125162550744482, 0.002029003021148036
4.050798521016601, 0.002158912386706949
4.289080786958754, 0.0022788519637462236
4.527363052900907, 0.0024099697885196373
4.7656453188430605, 0.0025299093655589125
5.003927584785213, 0.0026580060422960725
5.242209850727367, 0.0027957703927492445
5.480492116669519, 0.0029108761329305136
5.718774382611672, 0.003042296072507553
5.957056648553825, 0.0031637462235649546
6.195338914495978, 0.0032845921450151056
6.433621180438132, 0.0034093655589123866
6.671903446380284, 0.0035335347432024168
6.910185712322438, 0.0036586102719033233
7.14846797826459, 0.0037794561933534743
7.386750244206744, 0.0039063444108761326
7.6250325101488965, 0.0040226586102719035
7.863314776091049, 0.004151359516616314
8.101597042033202, 0.0042667673716012084
8.339879307975355, 0.004393353474320242
8.578161573917509, 0.0045154078549848944
8.816443839859662, 0.004649848942598188
9.054726105801814, 0.0047709969788519635
9.293008371743968, 0.0049102719033232625
9.531290637686121, 0.0050326283987915405
9.769572903628273, 0.0051664652567975835
10.007855169570426, 0.005292447129909366
10.24613743551258, 0.00540845921450151
10.484419701454733, 0.005535649546827795
10.722701967396885, 0.005654380664652568
10.960984233339039, 0.005782477341389728
11.199266499281192, 0.005904531722054381
11.437548765223344, 0.00603987915407855
11.675831031165497, 0.006161329305135951
11.91411329710765, 0.006293051359516616
12.152395563049804, 0.006416918429003021
12.390677828991956, 0.006550453172205438
12.62896009493411, 0.0066706948640483385
12.867242360876263, 0.006803323262839879
13.105524626818417, 0.006915709969788519
13.343806892760568, 0.007038368580060423
13.582089158702722, 0.007166465256797583
13.820371424644875, 0.007295770392749245
14.058653690587027, 0.007409365558912387
14.29693595652918, 0.007538066465256798
14.535218222471334, 0.007662839879154079
14.773500488413488, 0.0077580060422960725
15.01178275435564, 0.007868882175226586
15.250065020297793, 0.007970694864048338
15.488347286239946, 0.008054078549848943
15.726629552182098, 0.00813202416918429
15.964911818124252, 0.00819607250755287
16.203194084066403, 0.008245921450151057
16.441476350008557, 0.008290332326283989
16.67975861595071, 0.008341389728096676
16.918040881892864, 0.008371299093655589
17.156323147835018, 0.008382175226586103
17.39460541377717, 0.008401812688821753
17.632887679719325, 0.008416616314199396
17.871169945661475, 0.008420543806646526
18.109452211603628, 0.008426888217522658
18.34773447754578, 0.008428398791540786
18.586016743487935, 0.008452265861027191
18.82429900943009, 0.008469184290030211
19.062581275372242, 0.008461933534743202
19.300863541314396, 0.008465861027190333
19.539145807256546, 0.008474320241691842
19.7774280731987, 0.00847703927492447
20.015710339140853, 0.008494561933534744
20.253992605083006, 0.008496978851963747
20.49227487102516, 0.008505438066465257
20.730557136967313, 0.008494561933534744
20.968839402909467, 0.00850453172205438
21.207121668851617, 0.008493051359516616
21.44540393479377, 0.00849939577039275
21.683686200735924, 0.008509667673716012
21.921968466678077, 0.00850845921450151
22.16025073262023, 0.008506646525679758
22.398532998562384, 0.008518731117824774
22.636815264504538, 0.008516314199395771
22.875097530446688, 0.008510876132930514
23.11337979638884, 0.008534138972809668
23.351662062330995, 0.008524471299093655
23.58994432827315, 0.00851691842900302
