0.0, 0.0
0.5925752606948279, 6.924882629107981e-05
1.1851505213896558, 0.0001368544600938967
1.7777257820844836, 0.00019460093896713615
2.3703010427793116, 0.00025892018779342723
2.9628763034741397, 0.0003247652582159624
3.5554515641689672, 0.00039342723004694835
4.148026824863796, 0.000460093896713615
4.740602085558623, 0.0005267605633802817
5.333177346253451, 0.0005950704225352113
5.925752606948279, 0.0006578638497652582
6.518327867643107, 0.0007206572769953051
7.1109031283379345, 0.000780281690140845
7.703478389032763, 0.0008406103286384977
8.296053649727591, 0.0009045774647887324
8.888628910422419, 0.0009685446009389671
9.481204171117247, 0.0010354460093896713
10.073779431812074, 0.0010994131455399061
10.666354692506902, 0.0011657276995305165
11.258929953201731, 0.001231924882629108
11.851505213896559, 0.0013016431924882629
12.444080474591386, 0.0013687793427230048
13.036655735286214, 0.001431338028169014
13.629230995981041, 0.0014974178403755868
14.221806256675869, 0.0015642018779342722
14.814381517370698, 0.001629225352112676
15.406956778065526, 0.0016982394366197183
15.999532038760353, 0.001765492957746479
16.592107299455183, 0.0018287558685446009
17.18468256015001, 0.0018955399061032865
17.777257820844838, 0.0019619718309859153
18.369833081539664, 0.002025
18.962408342234493, 0.0020906103286384976
19.554983602929322, 0.0021586854460093896
20.14755886362415, 0.0022211267605633804
20.740134124318978, 0.002283098591549296
21.332709385013803, 0.0023524647887323944
21.925284645708633, 0.0024146713615023473
22.517859906403462, 0.0024746478873239434
23.110435167098288, 0.0025419014084507043
23.703010427793117, 0.0026102112676056337
24.295585688487943, 0.0026758215962441314
24.888160949182772, 0.002736737089201878
25.480736209877602, 0.0028018779342723005
26.073311470572428, 0.002867136150234742
26.665886731267257, 0.002934037558685446
27.258461991962083, 0.0029982394366197184
27.851037252656912, 0.0030642018779342725
28.443612513351738, 0.0031248826291079813
29.036187774046567, 0.0031901408450704227
29.628763034741397, 0.003252699530516432
30.221338295436222, 0.003317018779342723
30.81391355613105, 0.0033789906103286384
31.406488816825878, 0.0034458920187793425
31.999064077520707, 0.0035070422535211265
32.591639338215536, 0.003570070422535211
33.184214598910366, 0.003635211267605634
33.77678985960519, 0.0036975352112676055
34.36936512030002, 0.003762910798122066
34.96194038099485, 0.003822769953051643
35.554515641689676, 0.0038839201877934274
36.147090902384505, 0.0039497652582159625
36.73966616307933, 0.004010680751173709
37.33224142377416, 0.004069600938967136
37.924816684468986, 0.004126173708920188
38.517391945163816, 0.0041731220657277
39.109967205858645, 0.0042191314553990614
39.70254246655347, 0.004253403755868544
40.2951177272483, 0.004278403755868545
40.887692987943126, 0.004302934272300469
41.480268248637955, 0.004318075117370892
42.072843509332785, 0.004331103286384977
42.66541877002761, 0.004337206572769953
43.257994030722436, 0.004341549295774648
43.850569291417266, 0.004338380281690141
44.443144552112095, 0.004340258215962441
45.035719812806924, 0.004339201877934272
45.62829507350175, 0.004339788732394366
46.220870334196576, 0.004337206572769953
46.813445594891405, 0.00434131455399061
47.406020855586235, 0.004338967136150234
47.998596116281064, 0.004342605633802817
48.591171376975886, 0.004344131455399061
49.183746637670716, 0.004350821596244132
49.776321898365545, 0.00434612676056338
50.368897159060374, 0.004336737089201878
50.961472419755204, 0.004337558685446009
51.554047680450026, 0.00433556338028169
52.146622941144855, 0.004327230046948357
52.739198201839685, 0.00432981220657277
53.331773462534514, 0.004326877934272301
53.92434872322934, 0.00433075117370892
54.516923983924165, 0.004331220657276995
55.109499244618995, 0.004330046948356808
55.702074505313824, 0.004331924882629108
56.294649766008654, 0.0043334507042253525
56.887225026703476, 0.004326643192488263
57.479800287398305, 0.00432593896713615
58.072375548093135, 0.004326056338028169
58.664950808787964, 0.004332981220657277
