0.0, 0.0
0.2133374687833271, 0.0001635135135135135
0.4266749375666542, 0.00033074324324324324
0.6400124063499812, 0.0004972972972972973
0.8533498751333084, 0.0006699324324324325
1.0666873439166356, 0.0008263513513513514
1.2800248126999625, 0.0009827702702702704
1.4933622814832896, 0.001147972972972973
1.7066997502666168, 0.001310472972972973
1.920037219049944, 0.0014712837837837838
2.133374687833271, 0.0016277027027027026
2.346712156616598, 0.0017787162162162162
2.560049625399925, 0.0019314189189189189
2.7733870941832524, 0.0020864864864864863
2.9867245629665793, 0.0022445945945945944
3.2000620317499067, 0.002408783783783784
3.4133995005332336, 0.002560135135135135
3.6267369693165605, 0.002731418918918919
3.840074438099888, 0.00289222972972973
4.053411906883215, 0.0030449324324324325
4.266749375666542, 0.003191554054054054
4.480086844449869, 0.003356081081081081
4.693424313233196, 0.0035192567567567568
4.906761782016523, 0.003689527027027027
5.12009925079985, 0.0038662162162162164
5.333436719583178, 0.004029054054054054
5.546774188366505, 0.0041875
5.760111657149832, 0.004357094594594595
5.973449125933159, 0.004514527027027027
6.1867865947164855, 0.004671621621621621
6.400124063499813, 0.004831756756756757
6.61346153228314, 0.004995608108108108
6.826799001066467, 0.005163175675675676
7.040136469849794, 0.005319256756756757
7.253473938633121, 0.005481081081081081
7.466811407416449, 0.0056466216216216215
7.680148876199776, 0.005803378378378379
7.893486344983103, 0.005964864864864865
8.10682381376643, 0.006114189189189189
8.320161282549757, 0.00626722972972973
8.533498751333084, 0.006425
8.74683622011641, 0.006591891891891892
8.960173688899738, 0.006747297297297297
9.173511157683066, 0.006904391891891892
9.386848626466392, 0.007069932432432432
9.60018609524972, 0.0072368243243243245
9.813523564033046, 0.007401351351351351
10.026861032816374, 0.007569594594594595
10.2401985015997, 0.007739527027027027
10.453535970383028, 0.007897297297297297
10.666873439166356, 0.00805304054054054
10.880210907949682, 0.008205067567567568
11.09354837673301, 0.00835777027027027
11.306885845516335, 0.00851722972972973
11.520223314299663, 0.008677364864864865
11.733560783082991, 0.008841216216216216
11.946898251866317, 0.009013513513513514
12.160235720649645, 0.009166216216216216
12.373573189432971, 0.009327702702702704
12.586910658216299, 0.009482432432432433
12.800248126999627, 0.009640202702702702
13.013585595782953, 0.009786148648648648
13.22692306456628, 0.009924324324324324
13.440260533349607, 0.010048986486486486
13.653598002132934, 0.010172972972972974
13.866935470916262, 0.010288175675675675
14.080272939699588, 0.010373310810810811
14.293610408482916, 0.010461824324324324
14.506947877266242, 0.010561148648648648
14.72028534604957, 0.010627702702702703
14.933622814832898, 0.010677364864864865
15.146960283616224, 0.010725337837837837
15.360297752399552, 0.010757094594594594
15.573635221182878, 0.010795945945945946
15.786972689966206, 0.010820945945945947
16.00031015874953, 0.010841216216216216
16.21364762753286, 0.010880067567567568
16.426985096316187, 0.010903378378378379
16.640322565099513, 0.010933108108108108
16.85366003388284, 0.01094054054054054
17.06699750266617, 0.010942905405405405
17.280334971449495, 0.01094527027027027
17.49367244023282, 0.010943581081081082
17.70700990901615, 0.010958783783783784
17.920347377799477, 0.010983445945945946
18.133684846582803, 0.010988175675675676
18.347022315366132, 0.01098445945945946
18.56035978414946, 0.010988851351351352
18.773697252932784, 0.011006756756756757
18.98703472171611, 0.011019932432432433
19.20037219049944, 0.011010135135135135
19.413709659282766, 0.0110125
19.627047128066092, 0.011020608108108109
19.84038459684942, 0.011024324324324325
20.053722065632748, 0.011022297297297297
20.267059534416074, 0.011018243243243244
20.4803970031994, 0.011015878378378379
20.69373447198273, 0.01101722972972973
20.907071940766055, 0.010997297297297298
21.12040940954938, 0.011016216216216216
