0.0, 0.0
0.46369377198917006, 5.8887171561051004e-05
0.9273875439783401, 0.00011499227202472952
1.3910813159675102, 0.00017279752704791346
1.8547750879566802, 0.00022627511591962905
2.3184688599458503, 0.0002848531684698609
2.7821626319350203, 0.00034451313755795983
3.2458564039241904, 0.0003936630602782071
3.7095501759133604, 0.0004516228748068006
4.173243947902531, 0.000512210200927357
4.636937719891701, 0.0005743431221020092
5.10063149188087, 0.0006256568778979907
5.564325263870041, 0.0006780525502318392
6.028019035859211, 0.0007301391035548687
6.491712807848381, 0.0007930448222565687
6.95540657983755, 0.0008534775888717157
7.419100351826721, 0.0009030911901081916
7.882794123815891, 0.0009595054095826893
8.346487895805062, 0.0010160741885625966
8.81018166779423, 0.0010723338485316848
9.273875439783401, 0.0011245749613601236
9.737569211772572, 0.0011772797527047913
10.20126298376174, 0.0012304482225656878
10.66495675575091, 0.0012836166924265842
11.128650527740081, 0.0013361669242658424
11.592344299729252, 0.0013924265842349304
12.056038071718422, 0.0014465224111282844
12.519731843707591, 0.001498145285935085
12.983425615696762, 0.0015565687789799072
13.447119387685932, 0.001613292117465224
13.9108131596751, 0.0016655332302936631
14.374506931664271, 0.001718856259659969
14.838200703653442, 0.0017792890262751159
15.301894475642612, 0.0018309119010819165
15.765588247631783, 0.0018811437403400309
16.229282019620953, 0.0019367851622874807
16.692975791610124, 0.0019918083462132923
17.15666956359929, 0.0020428129829984545
17.62036333558846, 0.0020969088098918083
18.08405710757763, 0.002151004636785162
18.547750879566802, 0.0022072642967542505
19.011444651555973, 0.002263678516228748
19.475138423545143, 0.002317156105100464
19.938832195534314, 0.0023686244204018546
20.40252596752348, 0.0024224111282843894
20.86621973951265, 0.002474497681607419
21.32991351150182, 0.002529211746522411
21.793607283490992, 0.0025806800618238023
22.257301055480163, 0.0026364760432766613
22.720994827469333, 0.002691962905718702
23.184688599458504, 0.0027500772797527046
23.648382371447674, 0.0028030911901081915
24.112076143436845, 0.002856723338485317
24.57576991542601, 0.0029142194744976816
25.039463687415182, 0.002969860896445131
25.503157459404353, 0.003023338485316847
25.966851231393523, 0.003081761978361669
26.430545003382694, 0.003135239567233385
26.894238775371864, 0.0031891808346213293
27.357932547361035, 0.0032479134466769704
27.8216263193502, 0.003304482225656878
28.285320091339372, 0.003359969088098918
28.749013863328543, 0.003415610510046368
29.212707635317713, 0.0034692426584234932
29.676401407306884, 0.0035156105100463677
30.140095179296054, 0.003557032457496136
30.603788951285225, 0.003594744976816074
31.067482723274395, 0.0036213292117465226
31.531176495263566, 0.0036442040185471407
31.994870267252733, 0.0036624420401854714
32.45856403924191, 0.003670633693972179
32.92225781123108, 0.0036788253477588874
33.38595158322025, 0.0036825347758887173
33.84964535520941, 0.0036882534775888715
34.31333912719858, 0.0036884080370942814
34.77703289918775, 0.003684389489953632
35.24072667117692, 0.0036904173106646057
35.70442044316609, 0.0036916537867078825
36.16811421515526, 0.0036863987635239568
36.631807987144434, 0.0036834621329211747
37.095501759133604, 0.003679289026275116
37.559195531122775, 0.0036823802163833074
38.022889303111945, 0.003682225656877898
38.486583075101116, 0.0036901081916537867
38.95027684709029, 0.0036897990726429677
39.41397061907946, 0.0036913446676970635
39.87766439106863, 0.0036876352395672335
40.3413581630578, 0.0036928902627511593
40.80505193504696, 0.0036992272024729523
41.26874570703613, 0.003694744976816074
41.7324394790253, 0.0036996908809891807
42.19613325101447, 0.0037017001545595054
42.65982702300364, 0.0037064914992272027
43.123520794992814, 0.003709891808346213
43.587214566981984, 0.00371854714064915
44.050908338971155, 0.0037139103554868626
44.514602110960325, 0.0037154559505409583
44.978295882949496, 0.0037160741885625967
45.441989654938666, 0.0037210200927357035
45.90568342692784, 0.0037163833075734157
