0.0, 0.0
0.27023699118603484, 7.751937984496124e-05
0.5404739823720697, 0.00015400516795865634
0.8107109735581045, 0.00023669250645994832
1.0809479647441393, 0.000310594315245478
1.351184955930174, 0.00038423772609819123
1.621421947116209, 0.00046382428940568474
1.891658938302244, 0.0005431524547803618
2.1618959294882787, 0.0006136950904392764
2.4321329206743134, 0.0006909560723514211
2.702369911860348, 0.000765374677002584
2.9726069030463833, 0.000837467700258398
3.242843894232418, 0.0009152454780361757
3.5130808854184528, 0.0009847545219638244
3.783317876604488, 0.0010612403100775194
4.053554867790522, 0.001127906976744186
4.323791858976557, 0.00119328165374677
4.5940288501625925, 0.0012733850129198966
4.864265841348627, 0.0013480620155038759
5.134502832534662, 0.0014209302325581396
5.404739823720696, 0.0014886304909560724
5.6749768149067314, 0.0015679586563307495
5.945213806092767, 0.001647545219638243
6.215450797278801, 0.0017188630490956073
6.485687788464836, 0.0017901808785529716
6.755924779650871, 0.001861498708010336
7.0261617708369055, 0.0019351421188630491
7.296398762022941, 0.002010594315245478
7.566635753208976, 0.0020844961240310076
7.83687274439501, 0.0021576227390180877
8.107109735581044, 0.0022286821705426356
8.37734672676708, 0.002314987080103359
8.647583717953115, 0.0023847545219638244
8.91782070913915, 0.002463049095607235
9.188057700325185, 0.002543410852713178
9.458294691511218, 0.00261937984496124
9.728531682697254, 0.00268656330749354
9.998768673883289, 0.0027656330749354003
10.269005665069324, 0.0028382428940568476
10.53924265625536, 0.002909560723514212
10.809479647441393, 0.002983204134366925
11.079716638627428, 0.003063824289405685
11.349953629813463, 0.0031377260981912147
11.620190620999498, 0.0032108527131782948
11.890427612185533, 0.003285529715762274
12.160664603371568, 0.003360723514211886
12.430901594557602, 0.003427906976744186
12.701138585743637, 0.0035012919896640826
12.971375576929672, 0.003571576227390181
13.241612568115707, 0.003644186046511628
13.511849559301742, 0.003719638242894057
13.782086550487776, 0.0037930232558139533
14.052323541673811, 0.0038702842377260982
14.322560532859846, 0.003945736434108527
14.592797524045881, 0.004020413436692506
14.863034515231917, 0.0040935400516795865
15.133271506417952, 0.0041671834625322994
15.403508497603985, 0.004236950904392765
15.67374548879002, 0.004309819121447028
15.943982479976055, 0.004376744186046512
16.21421947116209, 0.004451162790697675
16.484456462348124, 0.004516279069767442
16.75469345353416, 0.0045788113695090435
17.024930444720194, 0.004644444444444444
17.29516743590623, 0.004703875968992248
17.565404427092265, 0.004755297157622739
17.8356414182783, 0.0048025839793281655
18.105878409464335, 0.004839276485788114
18.37611540065037, 0.004863307493540052
18.646352391836405, 0.004889147286821705
18.916589383022437, 0.004905684754521964
19.186826374208472, 0.004912919896640827
19.457063365394507, 0.004927131782945736
19.727300356580542, 0.004937209302325582
19.997537347766578, 0.004939018087855298
20.267774338952613, 0.004939793281653747
20.538011330138648, 0.004947286821705426
20.808248321324683, 0.004948837209302326
21.07848531251072, 0.004948320413436693
21.348722303696753, 0.004964599483204135
21.618959294882785, 0.004971059431524548
21.88919628606882, 0.004967441860465116
22.159433277254855, 0.004968992248062016
22.42967026844089, 0.004974677002583979
22.699907259626926, 0.00498578811369509
22.97014425081296, 0.004981653746770026
23.240381241998996, 0.004961498708010336
23.51061823318503, 0.004964599483204135
23.780855224371066, 0.004956847545219638
24.0510922155571, 0.004960723514211886
24.321329206743137, 0.004959948320413437
24.59156619792917, 0.004950387596899225
24.861803189115204, 0.004960206718346253
25.13204018030124, 0.004969767441860465
25.402277171487274, 0.004966149870801033
25.67251416267331, 0.004977519379844962
25.942751153859344, 0.004971834625322997
26.21298814504538, 0.0049671834625323
26.483225136231415, 0.004963824289405685
26.75346212741745, 0.0049617571059431525
