0.0, 0.0
0.5495016547411361, 0.0005606578947368421
1.0990033094822722, 0.0010563157894736843
1.6485049642234082, 0.0015442105263157894
2.1980066189645444, 0.0020421052631578946
2.7475082737056806, 0.002528421052631579
3.2970099284468164, 0.003014605263157895
3.8465115831879526, 0.003511973684210526
4.396013237929089, 0.003996842105263158
4.945514892670225, 0.004489868421052631
5.495016547411361, 0.004976184210526316
6.0445182021524975, 0.005478684210526316
6.594019856893633, 0.005961578947368421
7.143521511634769, 0.006453421052631579
7.693023166375905, 0.0069451315789473686
8.242524821117042, 0.00744578947368421
8.792026475858178, 0.007935921052631578
9.341528130599313, 0.008421315789473685
9.89102978534045, 0.00890578947368421
10.440531440081585, 0.009392236842105264
10.990033094822723, 0.009888157894736842
11.539534749563858, 0.010375657894736842
12.089036404304995, 0.010860657894736843
12.63853805904613, 0.011361973684210526
13.188039713787266, 0.011843947368421053
13.737541368528403, 0.012327631578947368
14.287043023269538, 0.012823157894736842
14.836544678010675, 0.01331092105263158
15.38604633275181, 0.013796184210526316
15.935547987492948, 0.014283157894736841
16.485049642234085, 0.014772894736842105
17.03455129697522, 0.015275657894736842
17.584052951716355, 0.01577407894736842
18.13355460645749, 0.01626276315789474
18.683056261198626, 0.01675171052631579
19.232557915939765, 0.017242894736842106
19.7820595706809, 0.01773013157894737
20.331561225422035, 0.018220526315789475
20.88106288016317, 0.018707894736842104
21.43056453490431, 0.019198815789473685
21.980066189645445, 0.019686315789473684
22.52956784438658, 0.02018328947368421
23.079069499127716, 0.020670921052631578
23.62857115386885, 0.021163552631578948
24.17807280860999, 0.021645526315789473
24.727574463351125, 0.022138552631578948
25.27707611809226, 0.022623421052631577
25.826577772833396, 0.023125394736842105
26.37607942757453, 0.02361355263157895
26.92558108231567, 0.024102368421052633
27.475082737056805, 0.02458934210526316
28.02458439179794, 0.02508565789473684
28.574086046539076, 0.025581842105263156
29.123587701280215, 0.026068947368421053
29.67308935602135, 0.02656736842105263
30.222591010762486, 0.027054473684210528
30.77209266550362, 0.02755328947368421
31.321594320244756, 0.02804157894736842
31.871095974985895, 0.02851407894736842
32.42059762972703, 0.028993552631578948
32.97009928446817, 0.02948328947368421
33.519600939209305, 0.02997065789473684
34.06910259395044, 0.030446052631578947
34.618604248691575, 0.03090394736842105
35.16810590343271, 0.031345526315789476
35.717607558173846, 0.03175592105263158
36.26710921291498, 0.03213302631578947
36.81661086765612, 0.032473947368421054
37.36611252239725, 0.032773157894736844
37.915614177138394, 0.03305302631578948
38.46511583187953, 0.033294736842105266
39.014617486620665, 0.03351197368421053
39.5641191413618, 0.03371342105263158
40.113620796102936, 0.033889342105263155
40.66312245084407, 0.034056184210526315
41.212624105585206, 0.034215394736842104
41.76212576032634, 0.03434434210526316
42.31162741506748, 0.034479736842105264
42.86112906980862, 0.03458986842105263
43.410630724549755, 0.034680394736842104
43.96013237929089, 0.034776842105263155
44.509634034032025, 0.03486684210526316
45.05913568877316, 0.034952894736842106
45.608637343514296, 0.03503131578947368
46.15813899825543, 0.035112236842105266
46.70764065299657, 0.03516407894736842
47.2571423077377, 0.035217236842105266
47.806643962478844, 0.035264342105263156
48.35614561721998, 0.035315
48.905647271961115, 0.03534565789473684
49.45514892670225, 0.03537947368421052
50.004650581443386, 0.035424736842105266
50.55415223618452, 0.03545355263157895
51.103653890925656, 0.035499605263157895
51.65315554566679, 0.03552460526315789
52.20265720040793, 0.03556592105263158
52.75215885514906, 0.035589736842105264
53.301660509890205, 0.035625526315789476
53.85116216463134, 0.035645657894736844
54.400663819372475, 0.035673552631578946
