0.0, 0.0
0.283828436506008, 0.00021729323308270678
0.567656873012016, 0.0004175438596491228
0.8514853095180239, 0.0006065162907268171
1.135313746024032, 0.0008040100250626567
1.4191421825300399, 0.0009917293233082708
1.7029706190360479, 0.0011849624060150377
1.9867990555420558, 0.0013784461152882206
2.270627492048064, 0.0015726817042606516
2.5544559285540718, 0.0017756892230576442
2.8382843650600798, 0.001987468671679198
3.1221128015660877, 0.0021779448621553885
3.4059412380720957, 0.0023724310776942355
3.6897696745781037, 0.0025601503759398497
3.9735981110841117, 0.0027536340852130324
4.25742654759012, 0.002938095238095238
4.541254984096128, 0.0031305764411027567
4.825083420602136, 0.0033401002506265663
5.1089118571081436, 0.0035411027568922307
5.3927402936141515, 0.0037273182957393482
5.6765687301201595, 0.00391578947368421
5.9603971666261675, 0.004106516290726817
6.2442256031321755, 0.0043052631578947365
6.528054039638183, 0.004497744360902256
6.811882476144191, 0.004695238095238095
7.095710912650199, 0.004881453634085213
7.379539349156207, 0.00507468671679198
7.663367785662215, 0.005259398496240602
7.947196222168223, 0.0054558897243107765
8.231024658674231, 0.005656140350877193
8.51485309518024, 0.005856641604010025
8.798681531686247, 0.006047619047619047
9.082509968192255, 0.006243859649122807
9.366338404698263, 0.006440852130325815
9.650166841204271, 0.006639348370927318
9.93399527771028, 0.006830075187969925
10.217823714216287, 0.007026315789473684
10.501652150722295, 0.007217543859649123
10.785480587228303, 0.007411027568922306
11.069309023734311, 0.007609022556390978
11.353137460240319, 0.007805012531328321
11.636965896746327, 0.008001002506265665
11.920794333252335, 0.00820125313283208
12.204622769758343, 0.008385213032581454
12.488451206264351, 0.008575187969924812
12.772279642770359, 0.008773684210526315
13.056108079276367, 0.008966165413533834
13.339936515782375, 0.00917092731829574
13.623764952288383, 0.009361152882205515
13.90759338879439, 0.009547619047619048
14.191421825300399, 0.009742606516290726
14.475250261806407, 0.009924310776942356
14.759078698312415, 0.010116290726817042
15.042907134818423, 0.010312531328320803
15.32673557132443, 0.010505513784461153
15.610564007830439, 0.010704761904761904
15.894392444336447, 0.010901754385964912
16.178220880842453, 0.011101503759398496
16.462049317348463, 0.011298997493734336
16.745877753854472, 0.01149749373433584
17.02970619036048, 0.011686215538847118
17.313534626866485, 0.01186766917293233
17.597363063372494, 0.012041854636591479
17.881191499878504, 0.012202255639097744
18.16501993638451, 0.012357894736842106
18.448848372890517, 0.012477443609022556
18.732676809396526, 0.012595238095238095
19.016505245902536, 0.012699248120300752
19.300333682408542, 0.012785964912280701
19.58416211891455, 0.012878195488721805
19.86799055542056, 0.012946365914786968
20.151818991926568, 0.012988220551378446
20.435647428432574, 0.013030827067669172
20.71947586493858, 0.01306641604010025
21.00330430144459, 0.013095488721804511
21.2871327379506, 0.013115037593984963
21.570961174456606, 0.01313734335839599
21.854789610962612, 0.013146365914786967
22.138618047468622, 0.01313734335839599
22.422446483974632, 0.013156892230576442
22.706274920480638, 0.01316265664160401
22.990103356986644, 0.013165914786967419
23.273931793492654, 0.013176942355889724
23.557760229998664, 0.01317794486215539
23.84158866650467, 0.013188471177944862
24.125417103010676, 0.013192731829573935
24.409245539516686, 0.013185714285714285
24.693073976022696, 0.013185213032581454
24.976902412528702, 0.013182205513784462
25.260730849034708, 0.01317218045112782
25.544559285540718, 0.013182205513784462
25.828387722046728, 0.013169423558897242
26.112216158552734, 0.013175689223057644
26.39604459505874, 0.013155639097744361
26.67987303156475, 0.013161904761904762
26.96370146807076, 0.013159649122807017
27.247529904576766, 0.013146115288220551
27.531358341082772, 0.013148872180451129
27.81518677758878, 0.013151629072681704
28.09901521409479, 0.013156140350877194
