0.0, 0.0
0.18402184974272318, 0.0001836734693877551
0.36804369948544635, 0.0003306122448979592
0.5520655492281695, 0.0004910204081632653
0.7360873989708927, 0.0006473469387755102
0.9201092487136159, 0.0007951020408163266
1.104131098456339, 0.0009485714285714286
1.2881529481990621, 0.0011
1.4721747979417854, 0.0012457142857142858
1.6561966476845087, 0.001419591836734694
1.8402184974272318, 0.0015722448979591838
2.024240347169955, 0.0017293877551020408
2.208262196912678, 0.0018946938775510204
2.3922840466554014, 0.0020457142857142857
2.5763058963981242, 0.002209387755102041
2.7603277461408475, 0.0023628571428571427
2.944349595883571, 0.0025228571428571427
3.128371445626294, 0.002679183673469388
3.3123932953690174, 0.002826530612244898
3.4964151451117402, 0.0029738775510204083
3.6804369948544635, 0.003123265306122449
3.864458844597187, 0.0032865306122448978
4.04848069433991, 0.0034485714285714284
4.232502544082633, 0.003602857142857143
4.416524393825356, 0.003763673469387755
4.600546243568079, 0.003923673469387755
4.784568093310803, 0.004096734693877551
4.968589943053526, 0.004237142857142857
5.1526117927962485, 0.004395918367346939
5.336633642538972, 0.004551020408163266
5.520655492281695, 0.004708571428571428
5.704677342024419, 0.004853469387755102
5.888699191767142, 0.0050069387755102045
6.0727210415098645, 0.005168979591836735
6.256742891252588, 0.005324897959183674
6.440764740995311, 0.0054795918367346935
6.624786590738035, 0.005617142857142857
6.808808440480758, 0.005773061224489796
6.9928302902234805, 0.00592
7.176852139966204, 0.006079183673469388
7.360873989708927, 0.006239591836734694
7.54489583945165, 0.006399591836734694
7.728917689194374, 0.006566530612244898
7.9129395389370965, 0.006713877551020408
8.09696138867982, 0.006861632653061224
8.280983238422543, 0.007022448979591837
8.465005088165267, 0.007184081632653061
8.649026937907989, 0.007328163265306122
8.833048787650712, 0.007480816326530612
9.017070637393436, 0.007637142857142857
9.201092487136158, 0.007804081632653061
9.385114336878882, 0.00796204081632653
9.569136186621606, 0.00813142857142857
9.753158036364328, 0.008306122448979592
9.937179886107051, 0.008467346938775511
10.121201735849775, 0.00861591836734694
10.305223585592497, 0.008773469387755101
10.48924543533522, 0.008920408163265307
10.673267285077944, 0.009073877551020407
10.857289134820668, 0.009213877551020409
11.04131098456339, 0.009356734693877551
11.225332834306114, 0.009492244897959183
11.409354684048838, 0.009611836734693877
11.59337653379156, 0.009743673469387756
11.777398383534283, 0.009851020408163266
11.961420233277007, 0.009959591836734694
12.145442083019729, 0.010064489795918367
12.329463932762453, 0.010138367346938775
12.513485782505176, 0.010211020408163265
12.697507632247898, 0.010280408163265305
12.881529481990622, 0.010340816326530613
13.065551331733346, 0.010384897959183674
13.24957318147607, 0.010460816326530613
13.433595031218792, 0.010503673469387756
13.617616880961515, 0.010530204081632653
13.801638730704239, 0.010540408163265307
13.985660580446961, 0.010573061224489796
14.169682430189685, 0.01060204081632653
14.353704279932408, 0.010626530612244897
14.53772612967513, 0.010639183673469388
14.721747979417854, 0.010658775510204081
14.905769829160578, 0.010668571428571428
15.0897916789033, 0.010661632653061224
15.273813528646023, 0.01064
15.457835378388747, 0.010641632653061225
15.64185722813147, 0.010649387755102041
15.825879077874193, 0.010646122448979592
16.009900927616915, 0.01066530612244898
16.19392277735964, 0.010666530612244898
16.377944627102362, 0.010664489795918367
16.561966476845086, 0.010671020408163265
16.74598832658781, 0.010661632653061224
16.930010176330534, 0.010648571428571429
17.114032026073254, 0.010648163265306123
17.298053875815977, 0.010651020408163266
17.4820757255587, 0.010653877551020409
17.666097575301425, 0.010650204081632654
17.85011942504415, 0.010655918367346938
18.034141274786872, 0.010651020408163266
18.218163124529596, 0.01063265306122449
