0.0, 0.0
0.5371087514593267, 0.00015217391304347825
1.0742175029186534, 0.00029710144927536233
1.61132625437798, 0.00043689064558629774
2.1484350058373067, 0.0005794466403162055
2.6855437572966334, 0.0007266139657444006
3.22265250875596, 0.0008669301712779973
3.759761260215287, 0.0010081686429512517
4.2968700116746135, 0.0011582345191040843
4.83397876313394, 0.0013051383399209486
5.371087514593267, 0.0014408432147562582
5.9081962660525935, 0.0015855072463768116
6.44530501751192, 0.001724901185770751
6.982413768971247, 0.0018613965744400528
7.519522520430574, 0.0020021080368906458
8.0566312718899, 0.002151383399209486
8.593740023349227, 0.002290909090909091
9.130848774808554, 0.002438471673254282
9.66795752626788, 0.0025812911725955202
10.205066277727207, 0.00272832674571805
10.742175029186534, 0.002866403162055336
11.27928378064586, 0.00300764163372859
11.816392532105187, 0.003146772068511199
12.353501283564514, 0.0032906455862977604
12.89061003502384, 0.00342832674571805
13.427718786483167, 0.003571014492753623
13.964827537942494, 0.003711725955204216
14.50193628940182, 0.0038540184453227933
15.039045040861147, 0.003993544137022398
15.576153792320474, 0.004137417654808959
16.1132625437798, 0.004280237154150198
16.650371295239125, 0.004421212121212121
17.187480046698454, 0.004557444005270092
17.724588798157782, 0.004700131752305665
18.261697549617107, 0.004839393939393939
18.798806301076432, 0.004980237154150198
19.33591505253576, 0.005121080368906456
19.87302380399509, 0.00526627140974967
20.410132555454414, 0.005411067193675889
20.94724130691374, 0.0055613965744400525
21.484350058373067, 0.005700790513833992
22.021458809832396, 0.005845849802371542
22.55856756129172, 0.005989196310935441
23.095676312751046, 0.006136231884057971
23.632785064210374, 0.006273913043478261
24.169893815669703, 0.006413175230566535
24.707002567129027, 0.006555072463768116
25.244111318588352, 0.006697233201581027
25.78122007004768, 0.006844795783926219
26.31832882150701, 0.006984057971014493
26.855437572966334, 0.0071220026350461135
27.39254632442566, 0.007269565217391304
27.929655075884988, 0.007415678524374176
28.466763827344316, 0.007556258234519104
29.00387257880364, 0.007698814229249012
29.540981330262966, 0.007842951251646904
30.078090081722294, 0.007979183135704875
30.615198833181623, 0.008125164690382082
31.152307584640948, 0.008272332015810277
31.689416336100273, 0.008407246376811594
32.2265250875596, 0.008542555994729908
32.76363383901893, 0.00868642951251647
33.30074259047825, 0.008819367588932807
33.83785134193758, 0.008950065876152833
34.37496009339691, 0.00907931488801054
34.912068844856236, 0.009197364953886693
35.449177596315565, 0.009291172595520421
35.986286347774886, 0.00937193675889328
36.523395099234214, 0.00942832674571805
37.06050385069354, 0.009487747035573122
37.597612602152864, 0.009520553359683794
38.13472135361219, 0.00954163372859025
38.67183010507152, 0.00956969696969697
39.20893885653085, 0.009583135704874835
39.74604760799018, 0.009594071146245059
40.2831563594495, 0.009606192358366272
40.82026511090883, 0.00961304347826087
41.357373862368156, 0.0096133069828722
41.89448261382748, 0.009619631093544138
42.431591365286806, 0.009623583662714097
42.968700116746135, 0.009630434782608695
43.50580886820546, 0.009631620553359683
44.04291761966479, 0.009640184453227932
44.58002637112411, 0.00964308300395257
45.11713512258344, 0.00964558629776021
45.65424387404277, 0.009638735177865612
46.19135262550209, 0.009638471673254281
46.72846137696142, 0.009639525691699605
47.26557012842075, 0.009659683794466403
47.80267887988008, 0.00965270092226614
48.339787631339405, 0.009656389986824769
48.876896382798726, 0.009665612648221343
49.414005134258055, 0.009640447957839263
49.95111388571738, 0.009645981554677207
50.488222637176705, 0.009649538866930171
51.02533138863603, 0.009646772068511198
51.56244014009536, 0.009646245059288537
52.09954889155469, 0.009644532279314888
52.63665764301402, 0.009653491436100132
53.17376639447334, 0.00964874835309618
