0.0, 0.0
0.1691766719246358, 6.710526315789474e-05
0.3383533438492716, 0.0001232456140350877
0.5075300157739074, 0.00017850877192982455
0.6767066876985433, 0.00024473684210526314
0.8458833596231791, 0.0003030701754385965
1.0150600315478149, 0.00037543859649122807
1.1842367034724508, 0.00044210526315789476
1.3534133753970865, 0.0005057017543859649
1.5225900473217222, 0.0005587719298245614
1.6917667192463581, 0.0006223684210526316
1.860943391170994, 0.0006859649122807018
2.0301200630956298, 0.0007390350877192983
2.1992967350202655, 0.0008017543859649123
2.3684734069449016, 0.0008653508771929825
2.5376500788695373, 0.0009315789473684211
2.706826750794173, 0.0009978070175438597
2.8760034227188087, 0.0010587719298245613
3.0451800946434444, 0.0011285087719298246
3.2143567665680806, 0.001192982456140351
3.3835334384927163, 0.0012451754385964912
3.552710110417352, 0.0013100877192982457
3.721886782341988, 0.0013833333333333334
3.891063454266624, 0.0014421052631578947
4.0602401261912595, 0.0015078947368421052
4.229416798115896, 0.0015662280701754386
4.398593470040531, 0.0016276315789473684
4.567770141965167, 0.0016951754385964913
4.736946813889803, 0.0017600877192982456
4.9061234858144385, 0.0018162280701754386
5.075300157739075, 0.001881140350877193
5.24447682966371, 0.00193640350877193
5.413653501588346, 0.002005263157894737
5.582830173512982, 0.002075438596491228
5.752006845437617, 0.0021385964912280704
5.921183517362254, 0.0022057017543859647
6.090360189286889, 0.0022723684210526314
6.259536861211525, 0.0023280701754385966
6.428713533136161, 0.00238640350877193
6.597890205060796, 0.002449561403508772
6.7670668769854325, 0.0025162280701754385
6.936243548910069, 0.002586842105263158
7.105420220834704, 0.0026359649122807017
7.27459689275934, 0.0026947368421052632
7.443773564683976, 0.0027521929824561404
7.6129502366086115, 0.0028210526315789472
7.782126908533248, 0.0028785087719298244
7.951303580457883, 0.0029342105263157896
8.120480252382519, 0.00298859649122807
8.289656924307154, 0.0030447368421052633
8.458833596231791, 0.003105701754385965
8.628010268156427, 0.0031600877192982458
8.797186940081062, 0.0032219298245614036
8.966363612005699, 0.0032828947368421053
9.135540283930334, 0.0033412280701754387
9.30471695585497, 0.003398245614035088
9.473893627779606, 0.003457894736842105
9.643070299704242, 0.00352280701754386
9.812246971628877, 0.0035859649122807016
9.981423643553512, 0.003642543859649123
10.15060031547815, 0.0036956140350877195
10.319776987402784, 0.0037543859649122806
10.48895365932742, 0.0038039473684210526
10.658130331252057, 0.0038535087719298246
10.827307003176692, 0.003899561403508772
10.996483675101327, 0.003927631578947368
11.165660347025964, 0.003971052631578947
11.3348370189506, 0.004003070175438597
11.504013690875235, 0.004029385964912281
11.673190362799872, 0.004053508771929825
11.842367034724507, 0.00406359649122807
12.011543706649142, 0.0040820175438596494
12.180720378573778, 0.0041039473684210525
12.349897050498415, 0.004111842105263158
12.51907372242305, 0.004128947368421052
12.688250394347685, 0.004131140350877193
12.857427066272322, 0.004126754385964913
13.026603738196957, 0.004132894736842105
13.195780410121593, 0.004137719298245614
13.36495708204623, 0.004136403508771929
13.534133753970865, 0.004128070175438596
13.7033104258955, 0.004147368421052631
13.872487097820137, 0.004145175438596491
14.041663769744773, 0.004148684210526316
14.210840441669408, 0.004150438596491228
14.380017113594045, 0.004135526315789474
14.54919378551868, 0.004142543859649123
14.718370457443315, 0.004143421052631579
14.887547129367952, 0.004142105263157895
15.056723801292588, 0.004140350877192982
15.225900473217223, 0.004142982456140351
15.395077145141858, 0.004136403508771929
15.564253817066495, 0.004130263157894737
15.73343048899113, 0.004136403508771929
15.902607160915766, 0.004123684210526316
16.071783832840403, 0.004123245614035088
16.240960504765038, 0.004119298245614035
16.410137176689673, 0.004117543859649123
16.57931384861431, 0.004106140350877193
16.748490520538944, 0.0041149122807017545
16.917667192463583, 0.004107017543859649
