0.0, 0.0
0.30544289272302166, 0.0001255639097744361
0.6108857854460433, 0.00024335839598997494
0.9163286781690649, 0.00036441102756892233
1.2217715708920867, 0.00048446115288220553
1.5272144636151084, 0.0006147869674185464
1.8326573563381299, 0.0007298245614035088
2.138100249061152, 0.0008576441102756893
2.4435431417841733, 0.0009789473684210525
2.748986034507195, 0.0010889724310776943
3.0544289272302168, 0.0012085213032581453
3.3598718199532382, 0.001330827067669173
3.6653147126762597, 0.0014493734335839599
3.9707576053992817, 0.0015771929824561404
4.276200498122304, 0.0016964912280701754
4.581643390845325, 0.0018097744360902257
4.887086283568347, 0.001925814536340852
5.192529176291369, 0.0020471177944862157
5.49797206901439, 0.0021711779448621554
5.803414961737412, 0.0022904761904761904
6.1088578544604335, 0.0024142857142857143
6.4143007471834546, 0.0025408521303258145
6.7197436399064765, 0.002661152882205514
7.025186532629498, 0.002774937343358396
7.3306294253525195, 0.0028902255639097745
7.636072318075541, 0.0030105263157894735
7.941515210798563, 0.0031273182957393484
8.246958103521585, 0.003247619047619048
8.552400996244607, 0.0033716791979949874
8.857843888967627, 0.0034907268170426063
9.16328678169065, 0.0036
9.468729674413671, 0.0037270676691729325
9.774172567136693, 0.003837593984962406
10.079615459859715, 0.003953634085213033
10.385058352582737, 0.004077944862155389
10.690501245305759, 0.004203007518796992
10.99594413802878, 0.00432406015037594
11.301387030751801, 0.004447117794486216
11.606829923474823, 0.004575438596491228
11.912272816197845, 0.004692982456140351
12.217715708920867, 0.00481203007518797
12.523158601643889, 0.004932581453634085
12.828601494366909, 0.005059398496240601
13.134044387089931, 0.005186466165413534
13.439487279812953, 0.005300751879699248
13.744930172535975, 0.005429072681704261
14.050373065258997, 0.005551629072681704
14.355815957982019, 0.005664411027568922
14.661258850705039, 0.005790726817042607
14.966701743428061, 0.005912531328320802
15.272144636151083, 0.006031077694235589
15.577587528874105, 0.006145363408521304
15.883030421597127, 0.006262406015037594
16.18847331432015, 0.00638671679197995
16.49391620704317, 0.006499749373433584
16.799359099766193, 0.00660952380952381
17.104801992489215, 0.006739097744360902
17.410244885212236, 0.006860150375939849
17.715687777935255, 0.006978195488721805
18.021130670658277, 0.007095488721804512
18.3265735633813, 0.007218546365914787
18.63201645610432, 0.007328070175438597
18.937459348827343, 0.007445614035087719
19.242902241550365, 0.007552380952380953
19.548345134273386, 0.0076528822055137845
19.85378802699641, 0.00773609022556391
20.15923091971943, 0.007812280701754386
20.464673812442452, 0.007866165413533835
20.770116705165474, 0.007911278195488721
21.075559597888496, 0.007947117794486215
21.381002490611518, 0.007990726817042607
21.686445383334537, 0.008015288220551378
21.99188827605756, 0.008038095238095238
22.29733116878058, 0.008062406015037594
22.602774061503602, 0.008094486215538847
22.908216954226624, 0.008102255639097744
23.213659846949646, 0.008105513784461152
23.519102739672668, 0.00811904761904762
23.82454563239569, 0.008127067669172932
24.129988525118712, 0.008139097744360902
24.435431417841734, 0.008140350877192983
24.740874310564756, 0.008136340852130325
25.046317203287778, 0.008152882205513785
25.3517600960108, 0.00815438596491228
25.657202988733818, 0.00816015037593985
25.96264588145684, 0.00815062656641604
26.268088774179862, 0.008162907268170426
26.573531666902884, 0.008173182957393483
26.878974559625906, 0.00816892230576441
27.184417452348928, 0.008167167919799498
27.48986034507195, 0.008168671679197995
27.795303237794972, 0.00816140350877193
28.100746130517994, 0.00816892230576441
28.406189023241016, 0.00817092731829574
28.711631915964038, 0.008169924812030075
29.01707480868706, 0.008176441102756893
29.322517701410078, 0.008189473684210526
29.6279605941331, 0.008202005012531328
29.933403486856122, 0.008201503759398496
30.238846379579144, 0.008199248120300751
