0.0, 0.0
0.6741222619764358, 0.00013096008629989213
1.3482445239528715, 0.0002605177993527508
2.0223667859293073, 0.00038629989212513483
2.696489047905743, 0.0005135922330097087
3.370611309882179, 0.0006412081984897519
4.044733571858615, 0.0007621359223300971
4.71885583383505, 0.0008888888888888889
5.392978095811486, 0.0010175836030204962
6.067100357787922, 0.0011485436893203884
6.741222619764358, 0.0012725997842502697
7.415344881740793, 0.0013977346278317153
8.08946714371723, 0.001525242718446602
8.763589405693665, 0.0016521035598705501
9.4377116676701, 0.0017793959007551242
10.111833929646536, 0.0019087378640776699
10.785956191622972, 0.002035059331175836
11.460078453599408, 0.0021686084142394824
12.134200715575844, 0.002288349514563107
12.80832297755228, 0.0024202804746494065
13.482445239528715, 0.0025475728155339807
14.156567501505151, 0.0026692556634304206
14.830689763481587, 0.00278975188781014
15.504812025458023, 0.002915426105717368
16.17893428743446, 0.0030428263214670984
16.853056549410894, 0.003163969795037756
17.52717881138733, 0.0032877022653721682
18.201301073363766, 0.0034213592233009707
18.8754233353402, 0.003551240560949299
19.549545597316637, 0.0036748651564185546
20.223667859293073, 0.0038032362459546926
20.89779012126951, 0.003932362459546926
21.571912383245945, 0.004058252427184466
22.24603464522238, 0.004181661272923409
22.920156907198816, 0.004310463861920173
23.594279169175252, 0.0044391585760517795
24.268401431151688, 0.004572276159654801
24.942523693128123, 0.004708306364617044
25.61664595510456, 0.004838403451995685
26.290768217080995, 0.004963214670981661
26.96489047905743, 0.00509697950377562
27.639012741033866, 0.0052264293419633226
28.313135003010302, 0.005352642934196333
28.987257264986738, 0.005470442286947141
29.661379526963174, 0.005589644012944984
30.33550178893961, 0.005715102481121899
31.009624050916045, 0.005842934196332254
31.68374631289248, 0.0059693635382955775
32.35786857486892, 0.006092125134843581
33.03199083684535, 0.006218122977346278
33.70611309882179, 0.0063461704422869475
34.380235360798224, 0.006474217907227616
35.05435762277466, 0.006603559870550162
35.728479884751096, 0.006735167206040993
36.40260214672753, 0.006861057173678533
37.07672440870397, 0.006990075512405609
37.7508466706804, 0.007119956850053937
38.42496893265684, 0.007249946062567422
39.099091194633274, 0.007374649406688242
39.77321345660971, 0.007501725997842503
40.447335718586146, 0.007625782092772384
41.12145798056258, 0.007754368932038835
41.79558024253902, 0.007880366774541531
42.46970250451545, 0.007997303128371089
43.14382476649189, 0.008109924487594391
43.817947028468325, 0.008209169363538295
44.49206929044476, 0.008297411003236246
45.166191552421196, 0.008377022653721682
45.84031381439763, 0.008429126213592233
46.51443607637407, 0.008470118662351672
47.188558338350504, 0.0085042071197411
47.86268060032694, 0.008530528586839267
48.536802862303375, 0.008548112189859763
49.21092512427981, 0.008558899676375405
49.88504738625625, 0.008566774541531824
50.55916964823268, 0.008574217907227616
51.23329191020912, 0.008578101402373247
51.907414172185554, 0.00858673139158576
52.58153643416199, 0.00859277238403452
53.255658696138426, 0.008598597626752967
53.92978095811486, 0.008606364617044228
54.6039032200913, 0.00860302049622438
55.27802548206773, 0.008604746494066883
55.95214774404417, 0.00860183387270766
56.626270006020604, 0.008600970873786407
57.30039226799704, 0.008599137001078748
57.974514529973476, 0.00859730312837109
58.64863679194991, 0.008594174757281553
59.32275905392635, 0.008600431499460626
59.99688131590278, 0.008594390507011867
60.67100357787922, 0.008607119741100323
61.345125839855655, 0.008605501618122978
62.01924810183209, 0.00860722761596548
62.693370363808526, 0.00860237324703344
63.36749262578496, 0.00860334412081985
64.0416148877614, 0.008595685005393743
64.71573714973783, 0.008600539374325781
65.38985941171427, 0.00860960086299892
66.0639816736907, 0.008613807982740022
66.73810393566714, 0.008610895361380799
