0.0, 0.0
0.27864431698579156, 0.00014281842818428185
0.5572886339715831, 0.000267479674796748
0.8359329509573747, 0.0003940379403794038
1.1145772679431662, 0.0005260162601626017
1.3932215849289578, 0.0006482384823848238
1.6718659019147495, 0.0007807588075880758
1.950510218900541, 0.0009189701897018971
2.2291545358863325, 0.0010463414634146343
2.5077988528721242, 0.0011718157181571816
2.7864431698579155, 0.0012897018970189703
3.0650874868437072, 0.0014121951219512195
3.343731803829499, 0.0015306233062330624
3.6223761208152903, 0.0016682926829268293
3.901020437801082, 0.0017983739837398374
4.179664754786874, 0.001924119241192412
4.458309071772665, 0.0020607046070460705
4.736953388758456, 0.0021948509485094853
5.0155977057442485, 0.002320867208672087
5.29424202273004, 0.0024501355013550135
5.572886339715831, 0.0025845528455284554
5.851530656701623, 0.0027002710027100273
6.1301749736874145, 0.0028284552845528454
6.408819290673206, 0.0029577235772357724
6.687463607658998, 0.0030880758807588075
6.966107924644789, 0.0032040650406504065
7.2447522416305805, 0.0033252032520325204
7.523396558616372, 0.0034631436314363144
7.802040875602164, 0.0035804878048780486
8.080685192587955, 0.0036989159891598917
8.359329509573747, 0.0038287262872628725
8.637973826559538, 0.003950677506775068
8.91661814354533, 0.004084010840108401
9.195262460531122, 0.0042149051490514905
9.473906777516913, 0.004340108401084011
9.752551094502705, 0.0044710027100271004
10.031195411488497, 0.004608672086720867
10.309839728474287, 0.004725474254742548
10.58848404546008, 0.004845257452574526
10.867128362445872, 0.004968834688346883
11.145772679431662, 0.0050956639566395664
11.424416996417454, 0.005224932249322493
11.703061313403246, 0.005352845528455285
11.981705630389037, 0.005476964769647696
12.260349947374829, 0.005604336043360434
12.538994264360621, 0.005732520325203252
12.817638581346412, 0.005856639566395664
13.096282898332204, 0.005988888888888889
13.374927215317996, 0.006115989159891599
13.653571532303786, 0.006240921409214092
13.932215849289578, 0.006359891598915989
14.210860166275369, 0.00648970189701897
14.489504483261161, 0.006617886178861789
14.768148800246953, 0.006752032520325203
15.046793117232744, 0.006873983739837398
15.325437434218536, 0.00701680216802168
15.604081751204328, 0.007144444444444445
15.882726068190118, 0.007275880758807588
16.16137038517591, 0.007395663956639566
16.4400147021617, 0.0075018970189701896
16.718659019147495, 0.00762520325203252
16.997303336133285, 0.007750135501355014
17.275947653119076, 0.007856368563685637
17.55459197010487, 0.007970460704607047
17.83323628709066, 0.008072628726287263
18.11188060407645, 0.008152845528455285
18.390524921062244, 0.008233875338753388
18.669169238048035, 0.008286178861788618
18.947813555033825, 0.008342547425474255
19.22645787201962, 0.008379132791327914
19.50510218900541, 0.00841951219512195
19.7837465059912, 0.008441734417344174
20.062390822976994, 0.008462330623306234
20.341035139962784, 0.008473441734417345
20.619679456948575, 0.008487533875338753
20.89832377393437, 0.008512737127371274
21.17696809092016, 0.008528184281842818
21.45561240790595, 0.008539566395663957
21.734256724891743, 0.008546070460704608
22.012901041877534, 0.008554742547425474
22.291545358863324, 0.008557181571815719
22.570189675849118, 0.008563956639566396
22.84883399283491, 0.008557723577235773
23.1274783098207, 0.008550948509485096
23.406122626806493, 0.008541734417344174
23.684766943792283, 0.008536043360433605
23.963411260778074, 0.00852710027100271
24.242055577763868, 0.00852710027100271
24.520699894749658, 0.008530894308943089
24.79934421173545, 0.008536856368563685
25.077988528721242, 0.008540921409214091
25.356632845707033, 0.00856070460704607
25.635277162692823, 0.008562872628726287
25.913921479678617, 0.008568563685636856
26.192565796664407, 0.008587533875338754
26.471210113650198, 0.00858130081300813
26.74985443063599, 0.008577235772357724
27.028498747621782, 0.008573441734417344
27.307143064607573, 0.008566395663956639
27.585787381593363, 0.008553116531165311
