0.0, 0.0
0.39472905595426694, 5.043782837127846e-05
0.7894581119085339, 0.00010122591943957968
1.1841871678628009, 0.0001490367775831874
1.5789162238170678, 0.00019877408056042032
1.9736452797713346, 0.0002497373029772329
2.3683743357256017, 0.0002980735551663748
2.7631033916798686, 0.00035166374781085816
3.1578324476341355, 0.0003991243432574431
3.5525615035884024, 0.00044921190893169877
3.9472905595426693, 0.0005031523642732049
4.342019615496937, 0.0005544658493870403
4.7367486714512035, 0.0006066549912434326
5.13147772740547, 0.0006590192644483362
5.526206783359737, 0.0007092819614711033
5.920935839314004, 0.0007654991243432575
6.315664895268271, 0.0008157618213660245
6.710393951222538, 0.0008681260945709282
7.105123007176805, 0.0009143607705779334
7.499852063131072, 0.0009642732049036778
7.8945811190853385, 0.0010148861646234676
8.289310175039606, 0.001069877408056042
8.684039230993873, 0.0011162872154115587
9.07876828694814, 0.001164448336252189
9.473497342902407, 0.0012115586690017513
9.868226398856674, 0.0012574430823117338
10.26295545481094, 0.0013042031523642732
10.657684510765208, 0.0013562171628721542
11.052413566719475, 0.0014033274956217162
11.447142622673741, 0.0014558669001751314
11.841871678628008, 0.001506830122591944
12.236600734582275, 0.0015605954465849386
12.631329790536542, 0.0016071803852889667
13.026058846490809, 0.0016567425569176883
13.420787902445076, 0.0017089316987740806
13.815516958399343, 0.0017572679509632225
14.21024601435361, 0.0018057793345008758
14.604975070307876, 0.0018586690017513136
14.999704126262143, 0.0019117338003502627
15.39443318221641, 0.0019660245183887918
15.789162238170677, 0.002018739054290718
16.183891294124944, 0.002069877408056042
16.578620350079213, 0.002120140105078809
16.973349406033478, 0.002171628721541156
17.368078461987746, 0.0022180385288966724
17.76280751794201, 0.0022649737302977233
18.15753657389628, 0.0023126094570928195
18.552265629850545, 0.002360595446584939
18.946994685804814, 0.0024126094570928198
19.34172374175908, 0.002463047285464098
19.736452797713348, 0.0025129597197898423
20.131181853667613, 0.0025632224168126096
20.52591090962188, 0.0026169877408056042
20.920639965576147, 0.002666549912434326
21.315369021530415, 0.0027140105078809107
21.71009807748468, 0.002766725043782837
22.10482713343895, 0.002817863397548161
22.499556189393214, 0.0028669001751313486
22.894285245347483, 0.0029134851138353764
23.289014301301748, 0.0029623467600700527
23.683743357256017, 0.003013660245183888
24.07847241321028, 0.0030618213660245186
24.47320146916455, 0.003111908931698774
24.867930525118815, 0.003149211908931699
25.262659581073084, 0.0031901926444833626
25.657388637027353, 0.0032271453590192642
26.052117692981618, 0.0032569176882661995
26.446846748935886, 0.0032824868651488617
26.84157580489015, 0.0033052539404553414
27.23630486084442, 0.00331646234676007
27.631033916798685, 0.003323292469352014
28.025762972752954, 0.003329597197898424
28.42049202870722, 0.003328721541155867
28.815221084661488, 0.0033294220665499126
29.209950140615753, 0.00333922942206655
29.60467919657002, 0.0033399299474605954
29.999408252524287, 0.003346234676007005
30.394137308478555, 0.0033416812609457095
30.78886636443282, 0.003338879159369527
31.18359542038709, 0.0033423817863397548
31.578324476341354, 0.00334430823117338
31.973053532295623, 0.0033436077057793345
32.36778258824989, 0.0033450087565674255
32.76251164420415, 0.0033416812609457095
33.157240700158425, 0.003342556917688266
33.55196975611269, 0.003343432574430823
33.946698812066955, 0.003349737302977233
34.34142786802122, 0.0033527145359019263
34.73615692397549, 0.0033574430823117337
35.13088597992976, 0.0033611208406304728
35.52561503588402, 0.0033560420315236427
35.92034409183829, 0.0033586690017513134
36.31507314779256, 0.003361295971978984
36.709802203746825, 0.0033586690017513134
37.10453125970109, 0.00336199649737303
37.499260315655356, 0.0033691768826619966
37.89398937160963, 0.0033618213660245185
38.28871842756389, 0.0033600700525394044
38.68344748351816, 0.0033586690017513134
39.07817653947243, 0.0033583187390542907
