0.0, 0.0
0.2596706708497901, 0.00011746478873239436
0.5193413416995802, 0.00022
0.7790120125493704, 0.00032985915492957747
1.0386826833991605, 0.00042873239436619717
1.2983533542489507, 0.0005264788732394366
1.5580240250987407, 0.0006329577464788733
1.8176946959485307, 0.0007284507042253521
2.077365366798321, 0.0008391549295774647
2.337036037648111, 0.0009414084507042254
2.5967067084979014, 0.0010538028169014084
2.856377379347691, 0.001156056338028169
3.1160480501974814, 0.0012571830985915492
3.3757187210472717, 0.0013630985915492957
3.6353893918970615, 0.001467605633802817
3.8950600627468517, 0.001567887323943662
4.154730733596642, 0.001672112676056338
4.414401404446432, 0.0017771830985915493
4.674072075296222, 0.001884507042253521
4.933742746146012, 0.001992957746478873
5.193413416995803, 0.002096619718309859
5.453084087845593, 0.0022019718309859155
5.712754758695382, 0.0023050704225352115
5.972425429545173, 0.0024008450704225354
6.232096100394963, 0.002503661971830986
6.491766771244753, 0.0026098591549295774
6.751437442094543, 0.0027152112676056338
7.011108112944333, 0.00282056338028169
7.270778783794123, 0.002929014084507042
7.530449454643914, 0.003035492957746479
7.790120125493703, 0.0031374647887323945
8.049790796343494, 0.0032383098591549295
8.309461467193284, 0.0033430985915492957
8.569132138043074, 0.003455774647887324
8.828802808892863, 0.003562816901408451
9.088473479742655, 0.0036690140845070424
9.348144150592445, 0.003767042253521127
9.607814821442235, 0.0038690140845070425
9.867485492292024, 0.003968450704225352
10.127156163141814, 0.00407661971830986
10.386826833991606, 0.004193239436619718
10.646497504841395, 0.004306478873239436
10.906168175691185, 0.0044107042253521125
11.165838846540975, 0.004507887323943662
11.425509517390765, 0.00462169014084507
11.685180188240555, 0.004723943661971831
11.944850859090346, 0.004827323943661972
12.204521529940136, 0.0049284507042253525
12.464192200789926, 0.005035774647887324
12.723862871639716, 0.005147042253521127
12.983533542489505, 0.005254647887323944
13.243204213339297, 0.005352112676056338
13.502874884189087, 0.005462535211267606
13.762545555038876, 0.005561408450704225
14.022216225888666, 0.005662816901408451
14.281886896738456, 0.005779154929577464
14.541557567588246, 0.005887042253521127
14.801228238438037, 0.006
15.060898909287827, 0.006106197183098592
15.320569580137617, 0.006203943661971831
15.580240250987407, 0.006310704225352112
15.839910921837197, 0.006396901408450705
16.099581592686988, 0.0064943661971830985
16.359252263536778, 0.006580845070422535
16.618922934386568, 0.006655211267605634
16.878593605236357, 0.006724507042253521
17.138264276086147, 0.0067901408450704226
17.397934946935937, 0.006831830985915493
17.657605617785727, 0.006876056338028169
17.917276288635517, 0.006923943661971831
18.17694695948531, 0.006959154929577465
18.4366176303351, 0.0069822535211267606
18.69628830118489, 0.0069915492957746475
18.95595897203468, 0.007015211267605634
19.21562964288447, 0.007032112676056338
19.47530031373426, 0.007049014084507042
19.73497098458405, 0.007052394366197183
19.99464165543384, 0.007051267605633803
20.254312326283628, 0.007056056338028169
20.513982997133418, 0.007064507042253521
20.77365366798321, 0.007073239436619718
21.033324338833, 0.007082535211267606
21.29299500968279, 0.007083661971830986
21.55266568053258, 0.007083380281690141
21.81233635138237, 0.007081126760563381
22.07200702223216, 0.007084788732394366
22.33167769308195, 0.007087042253521127
22.59134836393174, 0.007075774647887324
22.85101903478153, 0.007094084507042253
23.11068970563132, 0.007101126760563381
23.37036037648111, 0.007093802816901408
23.630031047330903, 0.007096901408450704
23.889701718180692, 0.007092394366197183
24.149372389030482, 0.007107605633802817
24.409043059880272, 0.007104507042253521
24.66871373073006, 0.007094647887323943
24.92838440157985, 0.007104225352112676
25.18805507242964, 0.007101690140845071
25.44772574327943, 0.007128732394366197
25.70739641412922, 0.00712
25.96706708497901, 0.007126760563380282
