0.0, 0.0
0.14837937603307347, 0.00018974358974358974
0.29675875206614694, 0.00038974358974358975
0.4451381280992204, 0.0005717948717948718
0.5935175041322939, 0.0007461538461538462
0.7418968801653674, 0.0009261538461538462
0.8902762561984408, 0.0011282051282051281
1.0386556322315144, 0.0013035897435897436
1.1870350082645877, 0.0014712820512820513
1.3354143842976611, 0.0016543589743589745
1.4837937603307347, 0.0018317948717948718
1.6321731363638081, 0.0020261538461538464
1.7805525123968815, 0.0022164102564102566
1.928931888429955, 0.0023994871794871795
2.0773112644630287, 0.0025825641025641025
2.225690640496102, 0.0027497435897435897
2.3740700165291755, 0.002935897435897436
2.522449392562249, 0.003106153846153846
2.6708287685953223, 0.0032846153846153845
2.819208144628396, 0.0034651282051282053
2.9675875206614695, 0.0036543589743589745
3.115966896694543, 0.0038256410256410256
3.2643462727276162, 0.003997948717948718
3.4127256487606896, 0.004178461538461539
3.561105024793763, 0.004354871794871795
3.709484400826837, 0.004527179487179487
3.85786377685991, 0.004687692307692308
4.006243152892984, 0.004874358974358974
4.154622528926057, 0.0050651282051282056
4.303001904959131, 0.005228717948717949
4.451381280992204, 0.0054046153846153844
4.599760657025278, 0.005581025641025641
4.748140033058351, 0.0057646153846153845
4.896519409091424, 0.005949743589743589
5.044898785124498, 0.0061266666666666665
5.193278161157571, 0.006295897435897436
5.3416575371906445, 0.0064753846153846155
5.490036913223718, 0.006644102564102564
5.638416289256792, 0.006827692307692308
5.7867956652898656, 0.007006666666666666
5.935175041322939, 0.00719025641025641
6.083554417356012, 0.007366153846153846
6.231933793389086, 0.007548717948717949
6.380313169422159, 0.007726153846153846
6.5286925454552325, 0.007900512820512821
6.677071921488306, 0.008084615384615385
6.825451297521379, 0.008266666666666667
6.973830673554453, 0.008441025641025642
7.122210049587526, 0.008624615384615385
7.2705894256206, 0.008796923076923077
7.418968801653674, 0.008953846153846154
7.567348177686747, 0.009133333333333334
7.71572755371982, 0.009314871794871796
7.864106929752894, 0.009491282051282052
8.012486305785968, 0.009663589743589744
8.160865681819041, 0.009838461538461539
8.309245057852115, 0.010005641025641025
8.457624433885188, 0.010177948717948719
8.606003809918262, 0.01035948717948718
8.754383185951335, 0.010522564102564103
8.902762561984408, 0.010690769230769231
9.051141938017482, 0.010839487179487179
9.199521314050555, 0.010986153846153847
9.347900690083629, 0.011103589743589744
9.496280066116702, 0.011205641025641026
9.644659442149775, 0.011317435897435897
9.793038818182849, 0.011422564102564103
9.941418194215922, 0.011526153846153846
10.089797570248995, 0.011598461538461538
10.238176946282069, 0.011670769230769231
10.386556322315142, 0.011716410256410256
10.534935698348216, 0.01177025641025641
10.683315074381289, 0.011807179487179487
10.831694450414362, 0.011855384615384615
10.980073826447436, 0.011883589743589744
11.128453202480511, 0.011897435897435898
11.276832578513584, 0.011926666666666667
11.425211954546658, 0.011962051282051281
11.573591330579731, 0.011988717948717949
11.721970706612804, 0.011981538461538462
11.870350082645878, 0.012002051282051281
12.018729458678951, 0.011988717948717949
12.167108834712025, 0.011985128205128205
12.315488210745098, 0.012012307692307692
12.463867586778171, 0.01202871794871795
12.612246962811245, 0.012026666666666666
12.760626338844318, 0.012025128205128206
12.909005714877392, 0.012024102564102563
13.057385090910465, 0.012033846153846154
13.205764466943538, 0.012035384615384616
13.354143842976612, 0.01202923076923077
13.502523219009685, 0.012053846153846155
13.650902595042758, 0.012078461538461538
13.799281971075832, 0.012102564102564103
13.947661347108905, 0.012086666666666667
14.096040723141979, 0.012085128205128205
14.244420099175052, 0.012093333333333333
14.392799475208127, 0.012107179487179487
14.5411788512412, 0.012107692307692307
14.689558227274274, 0.012104102564102564
