0.0, 0.0
0.2103831105048399, 2.4080267558528427e-05
0.4207662210096798, 4.548494983277592e-05
0.6311493315145197, 6.254180602006689e-05
0.8415324420193596, 9.063545150501673e-05
1.0519155525241994, 0.0001137123745819398
1.2622986630290394, 0.00014046822742474916
1.4726817735338793, 0.00016354515050167223
1.6830648840387192, 0.00019163879598662207
1.8934479945435592, 0.00021605351170568562
2.103831105048399, 0.00024247491638795986
2.314214215553239, 0.00026153846153846154
2.5245973260580787, 0.00028729096989966557
2.734980436562919, 0.00031237458193979933
2.9453635470677586, 0.00033377926421404683
3.1557466575725988, 0.00035585284280936454
3.3661297680774385, 0.0003785953177257525
3.576512878582278, 0.00039866220735785955
3.7868959890871183, 0.00042040133779264215
3.997279099591958, 0.0004404682274247492
4.207662210096798, 0.00046354515050167226
4.418045320601638, 0.00048662207357859534
4.628428431106478, 0.0005076923076923077
4.838811541611318, 0.0005361204013377926
5.0491946521161575, 0.0005581939799331104
5.259577762620998, 0.000579933110367893
5.469960873125838, 0.0006026755852842809
5.680343983630677, 0.0006247491638795987
5.890727094135517, 0.0006464882943143813
6.101110204640357, 0.0006678929765886288
6.3114933151451975, 0.0006923076923076923
6.521876425650037, 0.000711371237458194
6.732259536154877, 0.0007367892976588629
6.942642646659717, 0.0007608695652173913
7.153025757164556, 0.0007846153846153846
7.3634088676693965, 0.0008096989966555184
7.573791978174237, 0.0008301003344481605
7.784175088679077, 0.0008521739130434783
7.994558199183916, 0.0008749163879598663
8.204941309688756, 0.000894314381270903
8.415324420193596, 0.0009177257525083612
8.625707530698437, 0.0009424749163879599
8.836090641203276, 0.0009648829431438127
9.046473751708115, 0.000988963210702341
9.256856862212956, 0.0010127090301003344
9.467239972717795, 0.0010317725752508361
9.677623083222636, 0.0010535117056856187
9.888006193727476, 0.0010789297658862877
10.098389304232315, 0.0011030100334448161
10.308772414737156, 0.0011234113712374582
10.519155525241995, 0.0011451505016722408
10.729538635746835, 0.0011682274247491638
10.939921746251676, 0.0011916387959866222
11.150304856756515, 0.0012130434782608695
11.360687967261354, 0.0012374581939799331
11.571071077766195, 0.0012638795986622074
11.781454188271034, 0.0012876254180602007
11.991837298775874, 0.0013117056856187291
12.202220409280715, 0.0013354515050167223
12.412603519785554, 0.0013558528428093645
12.622986630290395, 0.0013795986622073579
12.833369740795234, 0.0013986622073578596
13.043752851300074, 0.0014140468227424748
13.254135961804915, 0.0014280936454849498
13.464519072309754, 0.001445819397993311
13.674902182814593, 0.0014638795986622074
13.885285293319434, 0.0014785953177257525
14.095668403824273, 0.0014822742474916387
14.306051514329113, 0.0014896321070234115
14.516434624833954, 0.0014979933110367894
14.726817735338793, 0.0015006688963210702
14.937200845843634, 0.0015070234113712376
15.147583956348473, 0.0015120401337792642
15.357967066853313, 0.001517056856187291
15.568350177358154, 0.0015247491638795986
15.778733287862993, 0.0015237458193979932
15.989116398367832, 0.0015150501672240803
16.199499508872673, 0.001514715719063545
16.409882619377512, 0.001511371237458194
16.62026572988235, 0.001514715719063545
16.83064884038719, 0.0015140468227424749
17.041031950892034, 0.0015137123745819399
17.251415061396873, 0.0015073578595317725
17.461798171901712, 0.001508361204013378
17.67218128240655, 0.00151438127090301
17.88256439291139, 0.0015133779264214046
18.09294750341623, 0.0015123745819397992
18.303330613921073, 0.0015100334448160536
18.513713724425912, 0.001503010033444816
18.72409683493075, 0.001503344481605351
18.93447994543559, 0.0015023411371237459
19.14486305594043, 0.0015046822742474917
19.355246166445273, 0.0015073578595317725
19.565629276950112, 0.0015100334448160536
19.77601238745495, 0.0015120401337792642
19.98639549795979, 0.0015163879598662207
20.19677860846463, 0.0015110367892976588
20.40716171896947, 0.0015110367892976588
20.617544829474312, 0.001508695652173913
20.82792793997915, 0.0015100334448160536
