0.0, 0.0
0.41502283314961574, 8.055555555555556e-05
0.8300456662992315, 0.00015751633986928103
1.2450684994488472, 0.00022647058823529412
1.660091332598463, 0.00029101307189542485
2.0751141657480785, 0.0003611111111111111
2.4901369988976945, 0.00043562091503267973
2.9051598320473104, 0.0005080065359477124
3.320182665196926, 0.0005856209150326797
3.7352054983465415, 0.0006584967320261438
4.150228331496157, 0.0007294117647058824
4.565251164645773, 0.0007995098039215686
4.980273997795389, 0.0008769607843137255
5.3952968309450045, 0.0009491830065359477
5.810319664094621, 0.0010168300653594772
6.225342497244236, 0.0010880718954248366
6.640365330393852, 0.0011629084967320262
7.055388163543467, 0.0012341503267973856
7.470410996693083, 0.0013
7.885433829842699, 0.0013679738562091504
8.300456662992314, 0.0014383986928104575
8.715479496141931, 0.0015143790849673202
9.130502329291547, 0.0015887254901960784
9.545525162441162, 0.0016642156862745098
9.960547995590778, 0.0017315359477124183
10.375570828740393, 0.0018044117647058823
10.790593661890009, 0.0018718954248366014
11.205616495039624, 0.0019405228758169934
11.620639328189242, 0.002011111111111111
12.035662161338857, 0.0020838235294117647
12.450684994488473, 0.002155392156862745
12.865707827638088, 0.002222385620915033
13.280730660787704, 0.002292483660130719
13.69575349393732, 0.0023627450980392155
14.110776327086935, 0.0024348039215686275
14.52579916023655, 0.002502777777777778
14.940821993386166, 0.002573529411764706
15.355844826535783, 0.0026477124183006536
15.770867659685399, 0.002713888888888889
16.185890492835014, 0.0027856209150326798
16.600913325984628, 0.0028550653594771242
17.015936159134245, 0.0029246732026143793
17.430958992283863, 0.0029970588235294117
17.845981825433476, 0.0030712418300653595
18.261004658583094, 0.0031369281045751634
18.676027491732707, 0.003201470588235294
19.091050324882325, 0.003279575163398693
19.50607315803194, 0.0033537581699346407
19.921095991181556, 0.003425
20.336118824331173, 0.0034972222222222223
20.751141657480787, 0.003567483660130719
21.166164490630404, 0.003638071895424837
21.581187323780018, 0.003705718954248366
21.996210156929635, 0.003775
22.41123299007925, 0.0038486928104575165
22.826255823228866, 0.003923529411764706
23.241278656378483, 0.003996895424836601
23.656301489528097, 0.0040705882352941175
24.071324322677714, 0.004141176470588235
24.48634715582733, 0.004208333333333333
24.901369988976946, 0.004282026143790849
25.31639282212656, 0.004352941176470588
25.731415655276177, 0.004420261437908497
26.14643848842579, 0.004484313725490196
26.561461321575408, 0.0045428104575163395
26.976484154725025, 0.004593790849673203
27.39150698787464, 0.0046433006535947716
27.806529821024256, 0.004680392156862745
28.22155265417387, 0.00471421568627451
28.636575487323487, 0.004741666666666667
29.0515983204731, 0.0047648692810457515
29.466621153622718, 0.004780065359477124
29.881643986772332, 0.0047901960784313725
30.29666681992195, 0.004798366013071895
30.711689653071566, 0.00480375816993464
31.12671248622118, 0.0048084967320261435
31.541735319370797, 0.00480359477124183
31.95675815252041, 0.004798529411764706
32.37178098567003, 0.004794607843137255
32.78680381881964, 0.004793954248366013
33.201826651969256, 0.004793464052287581
33.61684948511888, 0.0047955882352941175
34.03187231826849, 0.004795915032679739
34.446895151418104, 0.004792156862745098
34.861917984567725, 0.004791830065359477
35.27694081771734, 0.00479656862745098
35.69196365086695, 0.004787418300653595
36.106986484016566, 0.004784150326797385
36.52200931716619, 0.004789705882352942
36.9370321503158, 0.004788071895424836
37.352054983465415, 0.004784477124183006
37.767077816615036, 0.004786274509803921
38.18210064976465, 0.004784803921568628
38.59712348291426, 0.004784313725490196
39.01214631606388, 0.004784477124183006
39.4271691492135, 0.0047915032679738566
39.84219198236311, 0.004788398692810458
40.257214815512725, 0.0047901960784313725
40.672237648662346, 0.00479656862745098
41.08726048181196, 0.004797222222222222
