0.0, 0.0
0.3371878816896086, 7.859712230215828e-05
0.6743757633792172, 0.00015701438848920863
1.011563645068826, 0.00023057553956834533
1.3487515267584345, 0.00030719424460431657
1.685939408448043, 0.00037967625899280573
2.023127290137652, 0.000458273381294964
2.3603151718272604, 0.0005242805755395684
2.697503053516869, 0.0006017985611510791
3.0346909352064775, 0.0006775179856115108
3.371878816896086, 0.000748021582733813
3.7090666985856946, 0.0008233812949640288
4.046254580275304, 0.0008908273381294964
4.383442461964912, 0.0009584532374100719
4.720630343654521, 0.0010248201438848921
5.057818225344129, 0.0010976618705035971
5.395006107033738, 0.001173021582733813
5.732193988723346, 0.001252158273381295
6.069381870412955, 0.0013266187050359711
6.4065697521025635, 0.0013991007194244605
6.743757633792172, 0.001470503597122302
7.080945515481781, 0.0015451438848920864
7.418133397171389, 0.001614208633093525
7.755321278860998, 0.001683273381294964
8.092509160550607, 0.0017553956834532375
8.429697042240216, 0.001821043165467626
8.766884923929824, 0.0018856115107913668
9.104072805619433, 0.001962589928057554
9.441260687309041, 0.0020345323741007195
9.77844856899865, 0.0021071942446043166
10.115636450688259, 0.0021821942446043165
10.452824332377867, 0.0022525179856115107
10.790012214067476, 0.0023197841726618706
11.127200095757084, 0.0023886690647482015
11.464387977446693, 0.002460071942446043
11.801575859136301, 0.0025296762589928057
12.13876374082591, 0.0026048561151079137
12.475951622515518, 0.0026757194244604317
12.813139504205127, 0.0027489208633093526
13.150327385894736, 0.0028257194244604316
13.487515267584344, 0.0028942446043165467
13.824703149273953, 0.0029651079136690647
14.161891030963561, 0.0030384892086330936
14.49907891265317, 0.0031113309352517986
14.836266794342778, 0.0031838129496402877
15.173454676032387, 0.0032508992805755396
15.510642557721996, 0.003322841726618705
15.847830439411604, 0.0033989208633093525
16.185018321101214, 0.0034705035971223023
16.522206202790823, 0.0035451438848920864
16.85939408448043, 0.0036151079136690647
17.19658196617004, 0.0036863309352517986
17.53376984785965, 0.0037564748201438848
17.870957729549257, 0.0038330935251798563
18.208145611238866, 0.0039044964028776977
18.545333492928474, 0.003973201438848921
18.882521374618083, 0.004048920863309353
19.21970925630769, 0.004118884892086331
19.5568971379973, 0.004189028776978417
19.89408501968691, 0.004261870503597122
20.231272901376517, 0.004326798561151079
20.568460783066126, 0.0043992805755395685
20.905648664755734, 0.004466007194244604
21.242836546445343, 0.004526798561151079
21.58002442813495, 0.0045850719424460435
21.91721230982456, 0.004639388489208633
22.25440019151417, 0.004681474820143885
22.591588073203777, 0.004721762589928058
22.928775954893386, 0.004746762589928058
23.265963836582994, 0.004770143884892086
23.603151718272603, 0.004786870503597123
23.94033959996221, 0.004800719424460431
24.27752748165182, 0.004810791366906475
24.61471536334143, 0.004822302158273381
24.951903245031037, 0.004817985611510791
25.289091126720646, 0.004831834532374101
25.626279008410254, 0.004833992805755396
25.963466890099863, 0.004832014388489209
26.30065477178947, 0.004828597122302158
26.63784265347908, 0.00483273381294964
26.97503053516869, 0.004842985611510791
27.312218416858297, 0.00484568345323741
27.649406298547905, 0.004834352517985611
27.986594180237514, 0.004841726618705036
28.323782061927123, 0.004849460431654676
28.66096994361673, 0.0048404676258992805
28.99815782530634, 0.0048363309352517985
29.33534570699595, 0.004831654676258993
29.672533588685557, 0.004833093525179856
30.009721470375165, 0.004829856115107914
30.346909352064774, 0.004823201438848921
30.684097233754382, 0.004826258992805755
31.02128511544399, 0.004829496402877698
31.3584729971336, 0.004821762589928057
31.695660878823208, 0.004816906474820144
32.03284876051282, 0.004813309352517985
32.37003664220243, 0.0048001798561151075
32.70722452389204, 0.004812410071942446
33.044412405581646, 0.004811151079136691
33.381600287271255, 0.004810071942446043
