0.0, 0.0
0.08073166864775998, 0.000332520325203252
0.16146333729551995, 0.0006398373983739837
0.24219500594327992, 0.0009284552845528455
0.3229266745910399, 0.0012357723577235773
0.4036583432387999, 0.0015317073170731707
0.48439001188655983, 0.0018382113821138212
0.5651216805343199, 0.002086991869918699
0.6458533491820798, 0.0023471544715447153
0.7265850178298398, 0.0025886178861788617
0.8073166864775998, 0.0028666666666666667
0.8880483551253597, 0.0031252032520325203
0.9687800237731197, 0.0033739837398373985
1.0495116924208796, 0.003621138211382114
1.1302433610686398, 0.0038943089430894307
1.2109750297163997, 0.00415609756097561
1.2917066983641596, 0.004411382113821138
1.3724383670119196, 0.004669918699186992
1.4531700356596795, 0.004944715447154471
1.5339017043074397, 0.005166666666666667
1.6146333729551996, 0.00544390243902439
1.6953650416029595, 0.005701626016260163
1.7760967102507195, 0.00598130081300813
1.8568283788984794, 0.006252032520325203
1.9375600475462393, 0.0064821138211382115
2.0182917161939993, 0.006750406504065041
2.099023384841759, 0.006990243902439025
2.1797550534895196, 0.007255284552845529
2.2604867221372795, 0.0075040650406504065
2.3412183907850395, 0.007758536585365854
2.4219500594327994, 0.00803739837398374
2.5026817280805593, 0.008260162601626016
2.5834133967283193, 0.008511382113821138
2.664145065376079, 0.008765040650406505
2.744876734023839, 0.009028455284552846
2.825608402671599, 0.009289430894308942
2.906340071319359, 0.009533333333333333
2.987071739967119, 0.00979918699186992
3.0678034086148793, 0.01005609756097561
3.1485350772626393, 0.010313821138211382
3.229266745910399, 0.010551219512195122
3.309998414558159, 0.010795121951219512
3.390730083205919, 0.01105040650406504
3.471461751853679, 0.011313821138211382
3.552193420501439, 0.011559349593495935
3.632925089149199, 0.011804065040650406
3.713656757796959, 0.012100813008130082
3.7943884264447187, 0.012354471544715447
3.8751200950924787, 0.012606504065040651
3.955851763740239, 0.012846341463414634
4.0365834323879985, 0.01311869918699187
4.117315101035759, 0.013373983739837399
4.198046769683518, 0.013617073170731707
4.278778438331279, 0.013884552845528456
4.359510106979039, 0.014130081300813007
4.440241775626799, 0.01436260162601626
4.520973444274559, 0.014596747967479675
4.6017051129223185, 0.014855284552845528
4.682436781570079, 0.015083739837398373
4.763168450217838, 0.015285365853658537
4.843900118865599, 0.015465853658536585
4.924631787513358, 0.01565609756097561
5.005363456161119, 0.01585040650406504
5.086095124808878, 0.016056097560975608
5.1668267934566385, 0.016230081300813007
5.247558462104399, 0.016378048780487806
5.328290130752158, 0.01651382113821138
5.409021799399919, 0.016627642276422765
5.489753468047678, 0.016713821138211384
5.570485136695439, 0.016829268292682928
5.651216805343198, 0.016901626016260163
5.7319484739909585, 0.016960162601626017
5.812680142638718, 0.017021951219512194
5.893411811286478, 0.017085365853658538
5.974143479934238, 0.01714878048780488
6.054875148581998, 0.017185365853658537
6.135606817229759, 0.017221951219512196
6.216338485877518, 0.017214634146341463
6.2970701545252785, 0.017229268292682925
6.377801823173038, 0.017228455284552847
6.458533491820798, 0.017258536585365854
6.539265160468558, 0.017264227642276423
6.619996829116318, 0.017310569105691058
6.700728497764078, 0.01732439024390244
6.781460166411838, 0.01736178861788618
6.862191835059598, 0.017426016260162602
6.942923503707358, 0.017466666666666665
7.023655172355118, 0.017484552845528457
7.104386841002878, 0.017497560975609755
7.185118509650638, 0.017503252032520324
7.265850178298398, 0.017501626016260163
7.346581846946158, 0.017465040650406504
7.427313515593918, 0.01749349593495935
7.508045184241678, 0.017456910569105692
7.5887768528894375, 0.017456910569105692
7.669508521537198, 0.017469105691056912
7.750240190184957, 0.0174869918699187
7.830971858832718, 0.017459349593495935
7.911703527480478, 0.01750650406504065
7.992435196128238, 0.017509756097560975
