0.0, 0.0
0.06211043271647599, 0.00015697674418604652
0.12422086543295198, 0.00032209302325581396
0.18633129814942798, 0.0004790697674418605
0.24844173086590396, 0.0006325581395348837
0.31055216358237997, 0.0007883720930232558
0.37266259629885595, 0.000944186046511628
0.43477302901533194, 0.0010755813953488372
0.4968834617318079, 0.0012244186046511628
0.558993894448284, 0.001377906976744186
0.6211043271647599, 0.0015546511627906976
0.6832147598812359, 0.0017069767441860466
0.7453251925977119, 0.0018604651162790699
0.8074356253141879, 0.0020127906976744186
0.8695460580306639, 0.0021616279069767443
0.9316564907471399, 0.002302325581395349
0.9937669234636158, 0.00245
1.0558773561800918, 0.002588372093023256
1.117987788896568, 0.002752325581395349
1.1800982216130438, 0.0029011627906976745
1.2422086543295199, 0.003061627906976744
1.3043190870459958, 0.0032232558139534883
1.3664295197624718, 0.003380232558139535
1.4285399524789477, 0.003519767441860465
1.4906503851954238, 0.003696511627906977
1.5527608179118997, 0.003832558139534884
1.6148712506283758, 0.003969767441860465
1.6769816833448516, 0.004117441860465116
1.7390921160613277, 0.004272093023255814
1.8012025487778036, 0.004402325581395349
1.8633129814942797, 0.004558139534883721
1.9254234142107556, 0.004696511627906977
1.9875338469272317, 0.004866279069767442
2.0496442796437075, 0.005011627906976744
2.1117547123601836, 0.005143023255813953
2.1738651450766597, 0.005282558139534883
2.235975577793136, 0.005419767441860465
2.2980860105096115, 0.0055651162790697675
2.3601964432260876, 0.005715116279069767
2.4223068759425637, 0.005879069767441861
2.4844173086590398, 0.006043023255813953
2.5465277413755154, 0.006177906976744186
2.6086381740919915, 0.006318604651162791
2.6707486068084676, 0.006469767441860465
2.7328590395249437, 0.0066023255813953486
2.7949694722414193, 0.006761627906976744
2.8570799049578954, 0.006919767441860465
2.9191903376743715, 0.007036046511627907
2.9813007703908476, 0.007183720930232558
3.0434112031073237, 0.007308139534883721
3.1055216358237994, 0.007459302325581395
3.1676320685402755, 0.007597674418604651
3.2297425012567516, 0.007743023255813953
3.2918529339732276, 0.007917441860465117
3.3539633666897033, 0.008066279069767443
3.4160737994061794, 0.008205813953488373
3.4781842321226555, 0.008315116279069768
3.5402946648391316, 0.00846046511627907
3.6024050975556072, 0.008616279069767441
3.6645155302720833, 0.008727906976744186
3.7266259629885594, 0.008845348837209303
3.7887363957050355, 0.008980232558139534
3.850846828421511, 0.009094186046511629
3.9129572611379873, 0.009176744186046512
3.9750676938544633, 0.009265116279069768
4.037178126570939, 0.009348837209302326
4.099288559287415, 0.009426744186046512
4.161398992003892, 0.009487209302325581
4.223509424720367, 0.009530232558139534
4.285619857436843, 0.009588372093023255
4.3477302901533195, 0.00962906976744186
4.409840722869795, 0.009682558139534884
4.471951155586272, 0.009760465116279069
4.534061588302747, 0.009801162790697674
4.596172021019223, 0.009852325581395349
4.6582824537356995, 0.009869767441860465
4.720392886452175, 0.00989186046511628
4.782503319168651, 0.0099
4.844613751885127, 0.00989186046511628
4.906724184601603, 0.009890697674418605
4.9688346173180795, 0.00988953488372093
5.030945050034555, 0.009932558139534883
5.093055482751031, 0.009937209302325582
5.155165915467507, 0.009947674418604651
5.217276348183983, 0.009934883720930232
5.2793867809004595, 0.009956976744186047
5.341497213616935, 0.009959302325581395
5.403607646333411, 0.009927906976744186
5.465718079049887, 0.009954651162790698
5.527828511766363, 0.009963953488372094
5.589938944482839, 0.009987209302325582
5.652049377199315, 0.009966279069767442
5.714159809915791, 0.009954651162790698
5.776270242632267, 0.009945348837209302
5.838380675348743, 0.009975581395348838
5.900491108065219, 0.009975581395348838
5.962601540781695, 0.009955813953488372
6.024711973498171, 0.009961627906976744
6.086822406214647, 0.009947674418604651
6.148932838931123, 0.009948837209302326
