0.0, 0.0
0.04144210076547271, 0.0008385714285714285
0.08288420153094542, 0.0016271428571428572
0.12432630229641813, 0.0022885714285714284
0.16576840306189083, 0.002957142857142857
0.20721050382736356, 0.0035785714285714284
0.24865260459283625, 0.004177142857142858
0.29009470535830895, 0.004767142857142857
0.33153680612378167, 0.005285714285714286
0.3729789068892544, 0.005844285714285714
0.4144210076547271, 0.006374285714285714
0.4558631084201998, 0.006864285714285714
0.4973052091856725, 0.007365714285714285
0.5387473099511452, 0.007891428571428572
0.5801894107166179, 0.008351428571428572
0.6216315114820906, 0.008872857142857142
0.6630736122475633, 0.009387142857142858
0.7045157130130361, 0.009898571428571428
0.7459578137785088, 0.01039
0.7873999145439815, 0.01093
0.8288420153094542, 0.01149142857142857
0.8702841160749268, 0.011984285714285715
0.9117262168403996, 0.012451428571428572
0.9531683176058723, 0.012892857142857143
0.994610418371345, 0.013397142857142857
1.0360525191368177, 0.013875714285714286
1.0774946199022903, 0.014358571428571429
1.1189367206677632, 0.014842857142857142
1.1603788214332358, 0.015358571428571428
1.2018209221987086, 0.01584
1.2432630229641812, 0.016382857142857143
1.284705123729654, 0.01689
1.3261472244951267, 0.017344285714285715
1.3675893252605993, 0.017832857142857143
1.4090314260260721, 0.01830714285714286
1.4504735267915447, 0.018828571428571427
1.4919156275570176, 0.019312857142857142
1.5333577283224902, 0.019812857142857142
1.574799829087963, 0.020305714285714285
1.6162419298534356, 0.020802857142857144
1.6576840306189085, 0.021325714285714285
1.699126131384381, 0.021847142857142857
1.7405682321498537, 0.02236
1.7820103329153265, 0.022885714285714287
1.8234524336807991, 0.02337142857142857
1.864894534446272, 0.023832857142857142
1.9063366352117446, 0.024307142857142857
1.9477787359772174, 0.024781428571428572
1.98922083674269, 0.025265714285714287
2.0306629375081626, 0.02573857142857143
2.0721050382736355, 0.026187142857142857
2.1135471390391083, 0.026645714285714286
2.1549892398045807, 0.027105714285714285
2.1964313405700535, 0.027567142857142856
2.2378734413355263, 0.027964285714285716
2.279315542100999, 0.028407142857142857
2.3207576428664716, 0.028858571428571428
2.3621997436319444, 0.029294285714285714
2.4036418443974172, 0.029618571428571428
2.4450839451628896, 0.029971428571428572
2.4865260459283625, 0.030372857142857142
2.5279681466938353, 0.03069857142857143
2.569410247459308, 0.03099
2.6108523482247805, 0.03125857142857143
2.6522944489902534, 0.03139714285714286
2.693736549755726, 0.031607142857142854
2.7351786505211986, 0.03181571428571429
2.7766207512866714, 0.03201142857142857
2.8180628520521442, 0.03217285714285714
2.859504952817617, 0.03230285714285714
2.9009470535830895, 0.03241714285714286
2.9423891543485623, 0.03262285714285714
2.983831255114035, 0.032804285714285716
3.0252733558795075, 0.032921428571428574
3.0667154566449804, 0.03306571428571429
3.108157557410453, 0.033164285714285716
3.149599658175926, 0.03324428571428571
3.1910417589413984, 0.033294285714285714
3.2324838597068712, 0.033344285714285715
3.273925960472344, 0.03340571428571429
3.315368061237817, 0.03342428571428571
3.3568101620032893, 0.03347857142857143
3.398252262768762, 0.03356428571428571
3.439694363534235, 0.03366142857142857
3.4811364642997074, 0.033754285714285716
3.52257856506518, 0.03380285714285714
3.564020665830653, 0.03384857142857143
3.605462766596126, 0.03391285714285714
3.6469048673615982, 0.03395857142857143
3.688346968127071, 0.03402
3.729789068892544, 0.03408
3.7712311696580163, 0.03415142857142857
3.812673270423489, 0.03422714285714286
3.854115371188962, 0.03424857142857143
3.895557471954435, 0.03423
3.936999572719907, 0.03429
3.97844167348538, 0.03424571428571429
4.019883774250853, 0.03429
4.061325875016325, 0.03432857142857143
4.1027679757817985, 0.034417142857142854
