0.0, 0.0
0.6287337854014189, 0.0001588888888888889
1.2574675708028378, 0.000313
1.8862013562042566, 0.000465
2.5149351416056756, 0.000622
3.1436689270070945, 0.0007713333333333333
3.772402712408513, 0.0009244444444444444
4.401136497809932, 0.0010743333333333334
5.029870283211351, 0.0012241111111111111
5.65860406861277, 0.0013768888888888889
6.287337854014189, 0.0015313333333333333
6.916071639415608, 0.0016816666666666666
7.544805424817026, 0.0018363333333333333
8.173539210218445, 0.0019874444444444445
8.802272995619864, 0.002134888888888889
9.431006781021283, 0.0022882222222222223
10.059740566422702, 0.002447222222222222
10.688474351824121, 0.002595111111111111
11.31720813722554, 0.002757
11.94594192262696, 0.002903888888888889
12.574675708028378, 0.0030604444444444446
13.203409493429797, 0.003214222222222222
13.832143278831216, 0.003369333333333333
14.460877064232635, 0.003521888888888889
15.089610849634052, 0.003680333333333333
15.718344635035471, 0.003838
16.34707842043689, 0.003986888888888889
16.97581220583831, 0.004142
17.60454599123973, 0.004294222222222222
18.233279776641147, 0.004447777777777778
18.862013562042566, 0.004599111111111111
19.490747347443985, 0.004747111111111111
20.119481132845404, 0.004903444444444445
20.748214918246823, 0.005060888888888889
21.376948703648242, 0.005214777777777777
22.00568248904966, 0.005364
22.63441627445108, 0.005518333333333333
23.2631500598525, 0.005669777777777778
23.89188384525392, 0.005826
24.520617630655337, 0.00598
25.149351416056756, 0.006133777777777778
25.778085201458175, 0.006292777777777777
26.406818986859594, 0.006445222222222222
27.035552772261013, 0.0065932222222222225
27.664286557662432, 0.006747666666666667
28.29302034306385, 0.006898222222222222
28.92175412846527, 0.007047888888888889
29.55048791386669, 0.007202555555555556
30.179221699268105, 0.0073575555555555556
30.807955484669524, 0.007513444444444444
31.436689270070943, 0.007664444444444444
32.065423055472365, 0.007818
32.69415684087378, 0.007973111111111111
33.3228906262752, 0.008124222222222222
33.95162441167662, 0.00828
34.58035819707804, 0.008434222222222221
35.20909198247946, 0.008584555555555555
35.83782576788088, 0.008739222222222223
36.466559553282295, 0.008892222222222222
37.09529333868372, 0.009041333333333334
37.72402712408513, 0.009194444444444444
38.352760909486555, 0.009339666666666666
38.98149469488797, 0.009489777777777778
39.61022848028939, 0.009635222222222222
40.23896226569081, 0.009767666666666666
40.867696051092224, 0.009899777777777778
41.49642983649365, 0.010006888888888888
42.12516362189506, 0.010098333333333334
42.753897407296485, 0.010167777777777777
43.3826311926979, 0.010223777777777778
44.01136497809932, 0.010266555555555555
44.64009876350074, 0.010308111111111112
45.26883254890216, 0.010324555555555556
45.897566334303576, 0.010340222222222223
46.526300119705, 0.010352666666666666
47.155033905106414, 0.010367777777777778
47.78376769050784, 0.010367666666666667
48.41250147590925, 0.010364666666666666
49.041235261310675, 0.01037311111111111
49.66996904671209, 0.010382
50.29870283211351, 0.010377555555555555
50.92743661751493, 0.01038
51.55617040291635, 0.010380666666666667
52.184904188317766, 0.010389555555555556
52.81363797371919, 0.010389666666666667
53.442371759120604, 0.010399333333333333
54.07110554452203, 0.010395777777777778
54.69983932992344, 0.010401222222222221
55.328573115324865, 0.010406
55.95730690072628, 0.010410777777777777
56.5860406861277, 0.01040388888888889
57.21477447152912, 0.010391666666666667
57.84350825693054, 0.010383333333333333
58.472242042331956, 0.010384
59.10097582773338, 0.010378222222222223
59.729709613134794, 0.010374444444444445
60.35844339853621, 0.010384111111111111
60.98717718393763, 0.010379333333333334
61.61591096933905, 0.010384111111111111
62.24464475474047, 0.010389666666666667
