0.0, 0.0
0.28937097037605986, 0.0002393643031784841
0.5787419407521197, 0.00046577017114914424
0.8681129111281796, 0.0006843520782396089
1.1574838815042394, 0.0008960880195599022
1.4468548518802993, 0.001117359413202934
1.7362258222563591, 0.0013290953545232274
2.025596792632419, 0.0015581907090464547
2.314967763008479, 0.0017887530562347188
2.6043387333845387, 0.0019975550122249388
2.8937097037605986, 0.002212469437652812
3.1830806741366584, 0.002445232273838631
3.4724516445127183, 0.002654767726161369
3.761822614888778, 0.0028770171149144256
4.051193585264838, 0.0031014669926650367
4.340564555640897, 0.0033359413202933984
4.629935526016958, 0.0035528117359413204
4.919306496393018, 0.0037731051344743276
5.208677466769077, 0.003993887530562347
5.498048437145137, 0.0042114914425427875
5.787419407521197, 0.004431295843520783
6.076790377897257, 0.004649877750611247
6.366161348273317, 0.004866014669926651
6.655532318649376, 0.005080195599022005
6.9449032890254365, 0.005288997555012225
7.234274259401497, 0.005503667481662592
7.523645229777556, 0.005721271393643031
7.813016200153616, 0.005934229828850856
8.102387170529676, 0.006156723716381418
8.391758140905736, 0.0063672371638141805
8.681129111281795, 0.006586308068459658
8.970500081657855, 0.006802444987775061
9.259871052033915, 0.00702518337408313
9.549242022409976, 0.007246210268948655
9.838612992786036, 0.0074625916870415645
10.127983963162094, 0.007676039119804401
10.417354933538155, 0.007888753056234718
10.706725903914215, 0.0081
10.996096874290274, 0.008329095354523227
11.285467844666334, 0.00854718826405868
11.574838815042394, 0.008765525672371639
11.864209785418455, 0.008996332518337409
12.153580755794515, 0.009221026894865526
12.442951726170573, 0.009435696821515892
12.732322696546634, 0.009667237163814181
13.021693666922694, 0.00988361858190709
13.311064637298752, 0.010097799511002445
13.600435607674813, 0.010318092909535453
13.889806578050873, 0.010552567237163813
14.179177548426933, 0.010770171149144254
14.468548518802994, 0.010983863080684596
14.757919489179052, 0.0112
15.047290459555112, 0.01142078239608802
15.336661429931173, 0.01163960880195599
15.626032400307231, 0.011863080684596577
15.915403370683292, 0.012087041564792176
16.204774341059352, 0.01229242053789731
16.49414531143541, 0.01250440097799511
16.783516281811472, 0.01271638141809291
17.07288725218753, 0.012942298288508557
17.36225822256359, 0.013155012224938875
17.65162919293965, 0.013357701711491442
17.94100016331571, 0.01355476772616137
18.230371133691772, 0.013750611246943765
18.51974210406783, 0.0139440097799511
18.80911307444389, 0.014105134474327628
19.09848404481995, 0.014246943765281173
19.38785501519601, 0.014382640586797066
19.677225985572072, 0.014498044009779951
19.96659695594813, 0.014604645476772616
20.25596792632419, 0.014681418092909536
20.54533889670025, 0.014743520782396088
20.83470986707631, 0.014795354523227383
21.124080837452368, 0.014853545232273838
21.41345180782843, 0.014887041564792177
21.70282277820449, 0.014937897310513447
21.992193748580547, 0.014962102689486553
22.28156471895661, 0.015000977995110024
22.570935689332668, 0.015008312958435207
22.86030665970873, 0.015034474327628361
23.14967763008479, 0.015028117359413203
23.439048600460847, 0.015041564792176039
23.72841957083691, 0.015038630806845966
24.017790541212968, 0.015046454767726161
24.30716151158903, 0.015058924205378974
24.596532481965088, 0.015076283618581907
24.885903452341147, 0.015086063569682152
25.17527442271721, 0.015084596577017115
25.464645393093267, 0.015103667481662591
25.754016363469326, 0.015087286063569683
26.043387333845388, 0.015083374083129585
26.332758304221446, 0.01508557457212714
26.622129274597505, 0.015089486552567238
26.911500244973567, 0.015096088019559903
27.200871215349625, 0.015103178484107579
27.490242185725688, 0.015095843520782396
27.779613156101746, 0.015088997555012225
28.068984126477805, 0.015106356968215159
28.358355096853867, 0.015117359413202934
28.647726067229925, 0.015112469437652811
