0.0, 0.0
0.26584157828120064, 0.00016011080332409972
0.5316831565624013, 0.00031662049861495845
0.7975247348436019, 0.00047063711911357343
1.0633663131248026, 0.0006285318559556787
1.3292078914060033, 0.0007675900277008311
1.5950494696872037, 0.0009152354570637119
1.8608910479684044, 0.0010617728531855956
2.126732626249605, 0.001214404432132964
2.392574204530806, 0.0013648199445983379
2.6584157828120065, 0.001524376731301939
2.924257361093207, 0.001683656509695291
3.1900989393744075, 0.001831578947368421
3.455940517655608, 0.001987257617728532
3.721782095936809, 0.00212797783933518
3.9876236742180096, 0.0022759002770083104
4.25346525249921, 0.0024293628808864268
4.519306830780411, 0.0025742382271468143
4.785148409061612, 0.002722437673130194
5.050989987342812, 0.0028562326869806093
5.316831565624013, 0.0030030470914127424
5.582673143905214, 0.003156509695290859
5.848514722186414, 0.003298337950138504
6.114356300467615, 0.0034473684210526317
6.380197878748815, 0.003592797783933518
6.646039457030016, 0.003743213296398892
6.911881035311216, 0.003897506925207756
7.177722613592417, 0.004050692520775623
7.443564191873618, 0.004205540166204986
7.709405770154818, 0.00435207756232687
7.975247348436019, 0.004501385041551247
8.24108892671722, 0.004647645429362881
8.50693050499842, 0.004791412742382271
8.772772083279621, 0.004942382271468144
9.038613661560822, 0.005093628808864266
9.304455239842023, 0.005249584487534626
9.570296818123223, 0.005403601108033241
9.836138396404424, 0.005557894736842105
10.101979974685625, 0.005712742382271468
10.367821552966825, 0.005857340720221606
10.633663131248026, 0.006006094182825485
10.899504709529227, 0.0061584487534626035
11.165346287810427, 0.006314127423822715
11.431187866091628, 0.006463711911357341
11.697029444372829, 0.0066088642659279774
11.96287102265403, 0.0067628808864265925
12.22871260093523, 0.006910249307479225
12.494554179216431, 0.007058448753462604
12.76039575749763, 0.0072027700831024935
13.02623733577883, 0.007355401662049861
13.292078914060031, 0.0075102493074792245
13.557920492341232, 0.007668421052631579
13.823762070622433, 0.007814681440443214
14.089603648903633, 0.007967036011080333
14.355445227184834, 0.008114127423822715
14.621286805466035, 0.008259833795013851
14.887128383747235, 0.008402216066481994
15.152969962028436, 0.008555124653739612
15.418811540309637, 0.0087005540166205
15.684653118590838, 0.008841828254847646
15.950494696872038, 0.008989196675900276
16.21633627515324, 0.009123545706371191
16.48217785343444, 0.009261772853185595
16.74801943171564, 0.009393351800554017
17.01386100999684, 0.00950775623268698
17.27970258827804, 0.009613850415512465
17.545544166559242, 0.009696952908587258
17.811385744840443, 0.009779501385041552
18.077227323121644, 0.009862326869806095
18.343068901402845, 0.009914681440443213
18.608910479684045, 0.009961218836565098
18.874752057965246, 0.009995013850415513
19.140593636246447, 0.010021883656509696
19.406435214527647, 0.010040997229916897
19.672276792808848, 0.010060664819944599
19.93811837109005, 0.010078670360110804
20.20395994937125, 0.010082825484764543
20.46980152765245, 0.010085872576177286
20.73564310593365, 0.010103047091412742
21.00148468421485, 0.01009224376731302
21.267326262496052, 0.01009196675900277
21.533167840777253, 0.010090027700831025
21.799009419058454, 0.01009224376731302
22.064850997339654, 0.010095013850415512
22.330692575620855, 0.010109141274238228
22.596534153902056, 0.010108587257617728
22.862375732183256, 0.010118836565096953
23.128217310464457, 0.010118282548476455
23.394058888745658, 0.01012825484764543
23.65990046702686, 0.010127146814404433
23.92574204530806, 0.01012382271468144
24.19158362358926, 0.010119390581717451
24.45742520187046, 0.010116620498614958
24.72326678015166, 0.010127423822714681
24.989108358432862, 0.01012825484764543
25.254949936714063, 0.010119944598337951
25.52079151499526, 0.01012825484764543
25.78663309327646, 0.010126315789473685
26.05247467155766, 0.010137950138504156
26.318316249838862, 0.01015235457063712
