0.0, 0.0
0.20140322860598603, 0.0002987341772151899
0.40280645721197206, 0.0005949367088607595
0.6042096858179581, 0.0008430379746835443
0.8056129144239441, 0.0010860759493670886
1.0070161430299303, 0.0013408227848101266
1.2084193716359162, 0.0015841772151898735
1.409822600241902, 0.0018411392405063291
1.6112258288478882, 0.0020908227848101266
1.8126290574538744, 0.0023335443037974684
2.0140322860598605, 0.0025860759493670886
2.215435514665846, 0.002858227848101266
2.4168387432718323, 0.0031075949367088606
2.6182419718778185, 0.0033522151898734177
2.819645200483804, 0.0035901898734177215
3.0210484290897903, 0.003845886075949367
3.2224516576957765, 0.0041
3.4238548863017626, 0.004330696202531645
3.6252581149077487, 0.004575
3.8266613435137344, 0.004834177215189873
4.028064572119721, 0.005086392405063291
4.229467800725707, 0.005334493670886076
4.430871029331692, 0.005584177215189874
4.632274257937679, 0.005837974683544304
4.833677486543665, 0.00609620253164557
5.03508071514965, 0.006337974683544304
5.236483943755637, 0.006590506329113924
5.437887172361623, 0.00685
5.639290400967608, 0.007104746835443038
5.840693629573595, 0.007350949367088608
6.042096858179581, 0.007617088607594936
6.243500086785567, 0.007871518987341772
6.444903315391553, 0.00811613924050633
6.646306543997539, 0.008360126582278481
6.847709772603525, 0.008611708860759494
7.049113001209511, 0.008872784810126582
7.2505162298154975, 0.009131962025316456
7.451919458421483, 0.009383227848101265
7.653322687027469, 0.00962120253164557
7.8547259156334555, 0.009886392405063291
8.056129144239442, 0.010138924050632912
8.257532372845427, 0.010392721518987342
8.458935601451413, 0.010632278481012659
8.6603388300574, 0.010884810126582278
8.861742058663385, 0.011137658227848101
9.063145287269371, 0.011396518987341772
9.264548515875358, 0.011645253164556961
9.465951744481343, 0.01189746835443038
9.66735497308733, 0.01215506329113924
9.868758201693316, 0.012422784810126583
10.0701614302993, 0.012676898734177214
10.271564658905287, 0.012936392405063292
10.472967887511274, 0.013182278481012659
10.674371116117259, 0.01343006329113924
10.875774344723245, 0.013695569620253164
11.077177573329232, 0.013952531645569621
11.278580801935217, 0.014190506329113924
11.479984030541203, 0.014433227848101266
11.68138725914719, 0.014687974683544304
11.882790487753176, 0.014921835443037974
12.084193716359161, 0.015154430379746835
12.285596944965148, 0.015369303797468354
12.487000173571134, 0.015592088607594937
12.68840340217712, 0.015802215189873417
12.889806630783106, 0.015995886075949366
13.091209859389092, 0.016162341772151898
13.292613087995077, 0.01631518987341772
13.494016316601064, 0.016463291139240506
13.69541954520705, 0.016579113924050634
13.896822773813035, 0.016687974683544302
14.098226002419022, 0.01676392405063291
14.299629231025008, 0.01684240506329114
14.501032459630995, 0.016883544303797467
14.70243568823698, 0.01695379746835443
14.903838916842966, 0.01700981012658228
15.105242145448953, 0.01705632911392405
15.306645374054938, 0.01708860759493671
15.508048602660924, 0.017124367088607595
15.709451831266911, 0.0171623417721519
15.910855059872896, 0.017172151898734177
16.112258288478884, 0.017185759493670887
16.313661517084867, 0.017207911392405063
16.515064745690854, 0.017238291139240507
16.71646797429684, 0.017249050632911392
16.917871202902827, 0.017269620253164558
17.119274431508813, 0.017293354430379746
17.3206776601148, 0.017288291139240505
17.522080888720783, 0.01728607594936709
17.72348411732677, 0.017297784810126584
17.924887345932756, 0.017296202531645568
18.126290574538743, 0.01730854430379747
18.32769380314473, 0.017319620253164556
18.529097031750716, 0.01735348101265823
18.7305002603567, 0.017340189873417722
18.931903488962686, 0.017345886075949366
19.133306717568672, 0.01732721518987342
19.33470994617466, 0.017320569620253166
19.536113174780645, 0.0173376582278481
19.737516403386632, 0.017336075949367088
19.93891963199262, 0.01730284810126582
