0.0, 0.0
0.6296518402882555, 5.439814814814815e-05
1.259303680576511, 0.00011087962962962964
1.8889555208647666, 0.00016157407407407407
2.518607361153022, 0.00021064814814814815
3.1482592014412774, 0.0002614583333333333
3.777911041729533, 0.00031238425925925927
4.407562882017788, 0.00036516203703703705
5.037214722306044, 0.000415162037037037
5.6668665625943, 0.000465625
6.296518402882555, 0.0005186342592592593
6.9261702431708105, 0.0005668981481481482
7.555822083459066, 0.0006186342592592593
8.185473923747322, 0.000672800925925926
8.815125764035576, 0.0007254629629629629
9.444777604323832, 0.0007769675925925926
10.074429444612088, 0.0008321759259259259
10.704081284900344, 0.0008859953703703703
11.3337331251886, 0.0009377314814814814
11.963384965476854, 0.0009908564814814814
12.59303680576511, 0.0010443287037037038
13.222688646053365, 0.001095949074074074
13.852340486341621, 0.001146875
14.481992326629877, 0.0011993055555555555
15.111644166918133, 0.001254976851851852
15.741296007206387, 0.001310300925925926
16.370947847494644, 0.0013572916666666666
17.0005996877829, 0.0014104166666666666
17.630251528071152, 0.0014600694444444444
18.25990336835941, 0.001509375
18.889555208647664, 0.0015611111111111112
19.51920704893592, 0.0016122685185185185
20.148858889224176, 0.0016584490740740741
20.77851072951243, 0.0017100694444444444
21.408162569800687, 0.001762962962962963
22.03781441008894, 0.0018131944444444445
22.6674662503772, 0.0018642361111111112
23.297118090665453, 0.0019170138888888889
23.926769930953707, 0.0019686342592592594
24.556421771241965, 0.002021875
25.18607361153022, 0.00207025462962963
25.815725451818476, 0.0021215277777777777
26.44537729210673, 0.0021738425925925927
27.075029132394985, 0.0022288194444444443
27.704680972683242, 0.002280902777777778
28.334332812971496, 0.002330092592592593
28.963984653259754, 0.0023793981481481483
29.593636493548008, 0.0024327546296296298
30.223288333836265, 0.0024855324074074072
30.85294017412452, 0.0025319444444444443
31.482592014412774, 0.0025814814814814815
32.11224385470103, 0.0026355324074074076
32.74189569498929, 0.002688425925925926
33.37154753527754, 0.002738888888888889
34.0011993755658, 0.0027907407407407408
34.63085121585405, 0.0028431712962962963
35.260503056142305, 0.002895601851851852
35.890154896430566, 0.0029478009259259258
36.51980673671882, 0.0029960648148148147
37.149458577007074, 0.0030547453703703704
37.77911041729533, 0.003104861111111111
38.40876225758358, 0.0031574074074074074
39.03841409787184, 0.00320625
39.6680659381601, 0.0032550925925925924
40.29771777844835, 0.0033030092592592594
40.927369618736606, 0.003349074074074074
41.55702145902486, 0.0033859953703703704
42.18667329931312, 0.003417824074074074
42.816325139601375, 0.0034383101851851853
43.44597697988963, 0.0034487268518518517
44.07562882017788, 0.00345625
44.70528066046614, 0.003460185185185185
45.3349325007544, 0.003462847222222222
45.96458434104265, 0.003471875
46.594236181330906, 0.003471759259259259
47.22388802161916, 0.0034724537037037037
47.853539861907414, 0.0034752314814814815
48.483191702195676, 0.0034733796296296296
49.11284354248393, 0.0034724537037037037
49.742495382772184, 0.0034729166666666667
50.37214722306044, 0.003475810185185185
51.00179906334869, 0.003472800925925926
51.63145090363695, 0.003477662037037037
52.26110274392521, 0.0034711805555555555
52.89075458421346, 0.003467476851851852
53.520406424501715, 0.003467824074074074
54.15005826478997, 0.003467013888888889
54.77971010507823, 0.0034686342592592594
55.409361945366484, 0.003469675925925926
56.03901378565474, 0.003473263888888889
56.66866562594299, 0.00346875
57.298317466231246, 0.0034699074074074072
57.92796930651951, 0.0034684027777777777
58.55762114680776, 0.00346875
59.187272987096016, 0.0034614583333333333
59.81692482738427, 0.0034648148148148147
60.44657666767253, 0.003457986111111111
61.076228507960785, 0.003464236111111111
61.70588034824904, 0.0034604166666666668
62.33553218853729, 0.0034667824074074076
62.96518402882555, 0.0034657407407407406
