0.0, 0.0
0.22249330367996337, 8.34375e-05
0.44498660735992673, 0.000180625
0.6674799110398901, 0.000265625
0.8899732147198535, 0.000350625
1.1124665183998168, 0.0004309375
1.3349598220797803, 0.00052125
1.5574531257597435, 0.000604375
1.779946429439707, 0.0006915625
2.00243973311967, 0.0007753125
2.2249330367996336, 0.0008590625
2.447426340479597, 0.0009490625
2.6699196441595605, 0.001026875
2.892412947839524, 0.0011034375
3.114906251519487, 0.001185625
3.3373995551994504, 0.001269375
3.559892858879414, 0.00134375
3.7823861625593773, 0.001423125
4.00487946623934, 0.0014975
4.227372769919304, 0.001585
4.449866073599267, 0.0016640625
4.672359377279231, 0.0017521875
4.894852680959194, 0.0018365625
5.117345984639157, 0.0019184375
5.339839288319121, 0.0020028125
5.562332591999084, 0.002088125
5.784825895679048, 0.0021684375
6.007319199359011, 0.002251875
6.229812503038974, 0.00233625
6.452305806718938, 0.002418125
6.674799110398901, 0.00250125
6.897292414078865, 0.002586875
7.119785717758828, 0.0026675
7.342279021438791, 0.0027471875
7.564772325118755, 0.00282875
7.787265628798718, 0.00290625
8.00975893247868, 0.0029846875
8.232252236158645, 0.003066875
8.454745539838608, 0.0031453125
8.677238843518571, 0.00323625
8.899732147198534, 0.0033215625
9.122225450878497, 0.0034034375
9.344718754558462, 0.00348125
9.567212058238425, 0.00356875
9.789705361918388, 0.0036584375
10.012198665598351, 0.003739375
10.234691969278314, 0.0038225
10.457185272958279, 0.0039115625
10.679678576638242, 0.0039925
10.902171880318205, 0.0040734375
11.124665183998168, 0.004159375
11.347158487678131, 0.00425125
11.569651791358096, 0.0043303125
11.792145095038059, 0.00441625
12.014638398718022, 0.0045
12.237131702397985, 0.0045784375
12.459625006077948, 0.0046625
12.682118309757913, 0.0047334375
12.904611613437876, 0.0048140625
13.127104917117839, 0.004899375
13.349598220797802, 0.0049759375
13.572091524477765, 0.005048125
13.79458482815773, 0.0051203125
14.017078131837692, 0.0051809375
14.239571435517655, 0.00524
14.462064739197618, 0.0052878125
14.684558042877581, 0.005325
14.907051346557546, 0.0053740625
15.12954465023751, 0.005415
15.352037953917472, 0.0054490625
15.574531257597435, 0.005471875
15.797024561277398, 0.0054871875
16.01951786495736, 0.0055025
16.242011168637326, 0.0055128125
16.46450447231729, 0.005525625
16.686997775997252, 0.005545625
16.909491079677217, 0.0055415625
17.131984383357178, 0.0055434375
17.354477687037143, 0.0055409375
17.576970990717108, 0.0055590625
17.79946429439707, 0.00555875
18.021957598077034, 0.0055596875
18.244450901756995, 0.0055734375
18.46694420543696, 0.0055640625
18.689437509116924, 0.0055740625
18.911930812796886, 0.0055725
19.13442411647685, 0.0055684375
19.35691742015681, 0.00557375
19.579410723836776, 0.0055709375
19.80190402751674, 0.005575
20.024397331196703, 0.0055740625
20.246890634876667, 0.005565625
20.46938393855663, 0.00556625
20.691877242236593, 0.005564375
20.914370545916558, 0.0055771875
21.13686384959652, 0.0055934375
21.359357153276484, 0.005599375
21.581850456956445, 0.0055959375
21.80434376063641, 0.0055965625
22.026837064316375, 0.005571875
