0.0, 0.0
0.30462091003201136, 8.179669030732861e-05
0.6092418200640227, 0.0001607565011820331
0.913862730096034, 0.0002326241134751773
1.2184836401280454, 0.00031134751773049645
1.5231045501600569, 0.00038888888888888887
1.827725460192068, 0.00046808510638297874
2.1323463702240795, 0.0005408983451536643
2.436967280256091, 0.0006182033096926714
2.7415881902881023, 0.0006976359338061466
3.0462091003201137, 0.0007685579196217494
3.350830010352125, 0.0008513002364066194
3.655450920384136, 0.0009200945626477541
3.9600718304161475, 0.000995271867612293
4.264692740448159, 0.0010747044917257683
4.56931365048017, 0.0011576832151300237
4.873934560512182, 0.0012328605200945626
5.178555470544193, 0.0013125295508274232
5.483176380576205, 0.0013981087470449174
5.787797290608216, 0.001475177304964539
6.092418200640227, 0.0015486997635933805
6.397039110672239, 0.0016257683215130023
6.70166002070425, 0.001699290780141844
7.006280930736262, 0.0017721040189125296
7.310901840768272, 0.0018534278959810874
7.615522750800284, 0.0019243498817966902
7.920143660832295, 0.001999290780141844
8.224764570864307, 0.002066193853427896
8.529385480896318, 0.00214160756501182
8.83400639092833, 0.0022203309692671396
9.13862730096034, 0.002301418439716312
9.443248210992353, 0.0023713947990543736
9.747869121024364, 0.002441371158392435
10.052490031056374, 0.002523640661938534
10.357110941088386, 0.0025976359338061466
10.661731851120397, 0.0026671394799054372
10.96635276115241, 0.00274468085106383
11.27097367118442, 0.0028260047281323877
11.575594581216432, 0.0029023640661938535
11.880215491248443, 0.00297565011820331
12.184836401280455, 0.003043498817966903
12.489457311312465, 0.0031125295508274233
12.794078221344478, 0.0031921985815602837
13.098699131376488, 0.0032652482269503545
13.4033200414085, 0.0033470449172576834
13.707940951440511, 0.0034257683215130025
14.012561861472523, 0.0034969267139479906
14.317182771504534, 0.00356903073286052
14.621803681536544, 0.0036494089834515366
14.926424591568557, 0.0037243498817966904
15.231045501600567, 0.0038
15.53566641163258, 0.0038770685579196215
15.84028732166459, 0.003951063829787234
16.1449082316966, 0.004035460992907801
16.449529141728615, 0.0041132387706855796
16.754150051760625, 0.004183451536643026
17.058770961792636, 0.0042546099290780145
17.363391871824646, 0.004339007092198582
17.66801278185666, 0.004410401891252955
17.97263369188867, 0.004486052009456265
18.27725460192068, 0.004557210401891253
18.581875511952692, 0.004629314420803782
18.886496421984706, 0.004701418439716312
19.191117332016717, 0.004765721040189125
19.495738242048727, 0.00482387706855792
19.800359152080738, 0.004875413711583924
20.104980062112748, 0.004929550827423168
20.409600972144762, 0.004967375886524823
20.714221882176773, 0.004995035460992908
21.018842792208783, 0.005010401891252955
21.323463702240794, 0.0050297872340425535
21.628084612272808, 0.005041371158392435
21.93270552230482, 0.005050827423167849
22.23732643233683, 0.005065721040189125
22.54194734236884, 0.005074231678486998
22.846568252400854, 0.005083451536643026
23.151189162432864, 0.00508628841607565
23.455810072464875, 0.005094562647754137
23.760430982496885, 0.005091962174940898
24.0650518925289, 0.005080614657210402
24.36967280256091, 0.00507612293144208
24.67429371259292, 0.0050815602836879435
24.97891462262493, 0.005076595744680851
25.28353553265694, 0.005079905437352246
25.588156442688955, 0.005088888888888889
25.892777352720966, 0.005093617021276596
26.197398262752976, 0.005088179669030733
26.502019172784987, 0.005080141843971631
26.806640082817, 0.005079905437352246
27.11126099284901, 0.005080851063829787
27.415881902881022, 0.005075413711583925
27.720502812913033, 0.005072340425531915
28.025123722945047, 0.005074468085106383
28.329744632977057, 0.0050782505910165485
28.634365543009068, 0.005076832151300236
28.93898645304108, 0.005075177304964539
29.24360736307309, 0.0050721040189125296
29.548228273105103, 0.005071394799054374
29.852849183137113, 0.005068085106382979
30.157470093169124, 0.005067375886524823
