0.0, 0.0
0.09038407479460435, 7.017543859649122e-05
0.1807681495892087, 0.00014298245614035088
0.27115222438381303, 0.0002
0.3615362991784174, 0.0002780701754385965
0.45192037397302176, 0.0003535087719298246
0.5423044487676261, 0.0004307017543859649
0.6326885235622305, 0.0005078947368421053
0.7230725983568348, 0.0005956140350877192
0.8134566731514391, 0.0006728070175438597
0.9038407479460435, 0.0007526315789473684
0.9942248227406478, 0.0008333333333333334
1.0846088975352521, 0.0008921052631578947
1.1749929723298564, 0.0009614035087719299
1.265377047124461, 0.001037719298245614
1.3557611219190653, 0.0011131578947368422
1.4461451967136696, 0.0011868421052631578
1.536529271508274, 0.001268421052631579
1.6269133463028782, 0.001342982456140351
1.7172974210974827, 0.0014140350877192983
1.807681495892087, 0.0014903508771929824
1.8980655706866914, 0.0015842105263157895
1.9884496454812957, 0.0016587719298245614
2.0788337202759, 0.0017359649122807017
2.1692177950705043, 0.0018140350877192983
2.259601869865109, 0.0018956140350877193
2.349985944659713, 0.0019657894736842107
2.4403700194543174, 0.002042982456140351
2.530754094248922, 0.0021043859649122806
2.621138169043526, 0.002173684210526316
2.7115222438381306, 0.0022535087719298247
2.8019063186327346, 0.00233859649122807
2.892290393427339, 0.0024043859649122805
2.9826744682219437, 0.0024780701754385966
3.073058543016548, 0.002556140350877193
3.1634426178111523, 0.002629824561403509
3.2538266926057564, 0.002704385964912281
3.344210767400361, 0.002779824561403509
3.4345948421949655, 0.00283859649122807
3.5249789169895696, 0.002908771929824561
3.615362991784174, 0.0029850877192982455
3.705747066578778, 0.003050877192982456
3.7961311413733827, 0.0031333333333333335
3.8865152161679872, 0.0032035087719298246
3.9768992909625913, 0.003293859649122807
4.067283365757196, 0.0033780701754385963
4.1576674405518, 0.0034403508771929823
4.248051515346404, 0.003520175438596491
4.3384355901410085, 0.003600877192982456
4.428819664935613, 0.0036842105263157894
4.519203739730218, 0.0037649122807017544
4.609587814524822, 0.0038350877192982456
4.699971889319426, 0.0039043859649122805
4.79035596411403, 0.0039684210526315785
4.880740038908635, 0.004043859649122807
4.971124113703239, 0.0041114035087719296
5.061508188497844, 0.004182456140350877
5.1518922632924475, 0.004254385964912281
5.242276338087052, 0.004335087719298246
5.332660412881657, 0.004402631578947368
5.423044487676261, 0.004456140350877193
5.513428562470866, 0.004516666666666667
5.603812637265469, 0.004571929824561403
5.694196712060074, 0.004639473684210527
5.784580786854678, 0.00468421052631579
5.874964861649283, 0.0047228070175438595
5.965348936443887, 0.004774561403508772
6.055733011238491, 0.004820175438596491
6.146117086033096, 0.004844736842105263
6.2365011608277, 0.004873684210526316
6.326885235622305, 0.004904385964912281
6.417269310416909, 0.004932456140350878
6.507653385211513, 0.00495
6.598037460006117, 0.00496140350877193
6.688421534800722, 0.004971052631578947
6.778805609595326, 0.00498421052631579
6.869189684389931, 0.004976315789473685
6.959573759184535, 0.004981578947368421
7.049957833979139, 0.004992982456140351
7.140341908773744, 0.005003508771929824
7.230725983568348, 0.005005263157894737
7.321110058362953, 0.0050157894736842104
7.411494133157556, 0.005025438596491228
7.501878207952161, 0.005042105263157895
7.592262282746765, 0.005026315789473684
7.68264635754137, 0.005018421052631579
7.7730304323359745, 0.00501140350877193
7.863414507130578, 0.004998245614035088
7.953798581925183, 0.00498421052631579
8.044182656719787, 0.00497280701754386
8.134566731514392, 0.004992105263157895
8.224950806308996, 0.005003508771929824
8.3153348811036, 0.004995614035087719
8.405718955898205, 0.004985964912280701
8.496103030692808, 0.004980701754385965
8.586487105487413, 0.004974561403508772
8.676871180282017, 0.0049833333333333335
8.767255255076622, 0.004969298245614035
8.857639329871226, 0.004980701754385965
8.94802340466583, 0.005003508771929824
