0.0, 0.0
0.049309777185960434, 0.00019552238805970148
0.09861955437192087, 0.0004029850746268657
0.1479293315578813, 0.0006044776119402985
0.19723910874384173, 0.0007985074626865672
0.24654888592980218, 0.0009462686567164179
0.2958586631157626, 0.0011268656716417911
0.34516844030172306, 0.0012895522388059702
0.39447821748768347, 0.0014791044776119402
0.4437879946736439, 0.001671641791044776
0.49309777185960435, 0.0018686567164179105
0.5424075490455648, 0.002071641791044776
0.5917173262315252, 0.0022611940298507462
0.6410271034174856, 0.002434328358208955
0.6903368806034461, 0.002608955223880597
0.7396466577894065, 0.002817910447761194
0.7889564349753669, 0.0030029850746268656
0.8382662121613274, 0.003174626865671642
0.8875759893472878, 0.003353731343283582
0.9368857665332483, 0.0035253731343283584
0.9861955437192087, 0.003728358208955224
1.035505320905169, 0.0038895522388059703
1.0848150980911295, 0.004065671641791045
1.13412487527709, 0.0042402985074626864
1.1834346524630504, 0.004440298507462687
1.2327444296490109, 0.004647761194029851
1.2820542068349712, 0.004835820895522388
1.3313639840209317, 0.005
1.3806737612068922, 0.005174626865671642
1.4299835383928525, 0.005347761194029851
1.479293315578813, 0.005537313432835821
1.5286030927647734, 0.005707462686567164
1.5779128699507339, 0.005874626865671642
1.6272226471366944, 0.006059701492537314
1.6765324243226547, 0.006274626865671642
1.7258422015086152, 0.006458208955223881
1.7751519786945755, 0.006623880597014926
1.824461755880536, 0.006828358208955224
1.8737715330664966, 0.007002985074626866
1.9230813102524569, 0.007180597014925373
1.9723910874384174, 0.007367164179104478
2.021700864624378, 0.00755820895522388
2.071010641810338, 0.007722388059701492
2.1203204189962985, 0.007894029850746269
2.169630196182259, 0.008082089552238806
2.2189399733682196, 0.008277611940298508
2.26824975055418, 0.008465671641791045
2.31755952774014, 0.008647761194029852
2.3668693049261007, 0.008817910447761194
2.4161790821120612, 0.008997014925373135
2.4654888592980218, 0.009156716417910448
2.5147986364839823, 0.00934776119402985
2.5641084136699424, 0.00951044776119403
2.613418190855903, 0.009655223880597015
2.6627279680418634, 0.009834328358208955
2.712037745227824, 0.00998955223880597
2.7613475224137844, 0.010153731343283581
2.8106572995997445, 0.010317910447761194
2.859967076785705, 0.010464179104477611
2.9092768539716656, 0.010588059701492538
2.958586631157626, 0.010707462686567163
3.0078964083435866, 0.010811940298507463
3.0572061855295467, 0.010961194029850746
3.1065159627155072, 0.011040298507462687
3.1558257399014678, 0.01116865671641791
3.2051355170874283, 0.011243283582089552
3.254445294273389, 0.011291044776119403
3.303755071459349, 0.011383582089552239
3.3530648486453094, 0.011432835820895522
3.40237462583127, 0.011492537313432836
3.4516844030172305, 0.011592537313432835
3.500994180203191, 0.011644776119402985
3.550303957389151, 0.011670149253731343
3.5996137345751116, 0.011692537313432836
3.648923511761072, 0.011722388059701492
3.6982332889470326, 0.01175223880597015
3.747543066132993, 0.011791044776119404
3.7968528433189532, 0.011834328358208955
3.8461626205049138, 0.011864179104477611
3.8954723976908743, 0.011894029850746269
3.944782174876835, 0.011932835820895523
3.9940919520627953, 0.011940298507462687
4.043401729248756, 0.011976119402985074
4.092711506434716, 0.012005970149253732
4.142021283620676, 0.01202089552238806
4.191331060806637, 0.01203731343283582
4.240640837992597, 0.01202089552238806
4.289950615178558, 0.012038805970149254
4.339260392364518, 0.01203731343283582
4.388570169550478, 0.012038805970149254
4.437879946736439, 0.01202686567164179
4.487189723922399, 0.011995522388059702
4.53649950110836, 0.011998507462686566
4.58580927829432, 0.011977611940298508
4.63511905548028, 0.011992537313432836
4.684428832666241, 0.011959701492537313
4.733738609852201, 0.011956716417910448
4.783048387038162, 0.011977611940298508
4.8323581642241225, 0.011955223880597015
4.8816679414100825, 0.011962686567164179
