0.0, 0.0
0.06294317765378825, 0.00011875
0.1258863553075765, 0.000240625
0.18882953296136473, 0.00036458333333333335
0.251772710615153, 0.00048541666666666666
0.31471588826894126, 0.0006052083333333334
0.37765906592272946, 0.0007229166666666666
0.4406022435765177, 0.0008510416666666666
0.503545421230306, 0.0009489583333333333
0.5664885988840942, 0.0010770833333333333
0.6294317765378825, 0.001178125
0.6923749541916707, 0.0012895833333333333
0.7553181318454589, 0.0013895833333333334
0.8182613094992472, 0.0015125
0.8812044871530355, 0.0016052083333333333
0.9441476648068238, 0.001703125
1.007090842460612, 0.0018114583333333333
1.0700340201144003, 0.001940625
1.1329771977681884, 0.002033333333333333
1.1959203754219767, 0.002129166666666667
1.258863553075765, 0.002230208333333333
1.3218067307295531, 0.0023302083333333334
1.3847499083833414, 0.0024510416666666665
1.4476930860371298, 0.002575
1.5106362636909179, 0.0026791666666666665
1.5735794413447062, 0.0027885416666666666
1.6365226189984945, 0.0028833333333333332
1.6994657966522828, 0.002984375
1.762408974306071, 0.0031104166666666667
1.8253521519598592, 0.003209375
1.8882953296136475, 0.00331875
1.9512385072674356, 0.003427083333333333
2.014181684921224, 0.003540625
2.0771248625750123, 0.0036635416666666665
2.1400680402288006, 0.003789583333333333
2.203011217882589, 0.003875
2.265954395536377, 0.0039791666666666664
2.328897573190165, 0.004071875
2.3918407508439534, 0.004177083333333333
2.4547839284977417, 0.004278125
2.51772710615153, 0.0043875
2.5806702838053184, 0.004486458333333334
2.6436134614591063, 0.004580208333333334
2.7065566391128946, 0.004680208333333333
2.769499816766683, 0.004789583333333333
2.832442994420471, 0.004897916666666667
2.8953861720742595, 0.005007291666666667
2.958329349728048, 0.0051125
3.0212725273818357, 0.005234375
3.084215705035624, 0.005332291666666667
3.1471588826894124, 0.005448958333333333
3.2101020603432007, 0.00555
3.273045237996989, 0.005653125
3.3359884156507773, 0.005752083333333333
3.3989315933045656, 0.0058427083333333334
3.4618747709583535, 0.005944791666666667
3.524817948612142, 0.0060552083333333334
3.58776112626593, 0.0061625
3.6507043039197185, 0.006257291666666667
3.7136474815735068, 0.006340625
3.776590659227295, 0.006416666666666667
3.839533836881083, 0.006473958333333333
3.9024770145348713, 0.006552083333333333
3.9654201921886596, 0.006610416666666666
4.028363369842448, 0.00668125
4.091306547496236, 0.006748958333333333
4.1542497251500246, 0.006798958333333333
4.217192902803813, 0.006840625
4.280136080457601, 0.0069166666666666664
4.3430792581113895, 0.006951041666666667
4.406022435765178, 0.007003125
4.468965613418965, 0.007016666666666667
4.531908791072754, 0.007058333333333333
4.594851968726542, 0.007085416666666667
4.65779514638033, 0.007096875
4.7207383240341185, 0.007103125
4.783681501687907, 0.007121875
4.846624679341695, 0.007109375
4.9095678569954835, 0.0071375
4.972511034649272, 0.007138541666666666
5.03545421230306, 0.007154166666666666
5.098397389956848, 0.007154166666666666
5.161340567610637, 0.007161458333333333
5.224283745264425, 0.007161458333333333
5.2872269229182125, 0.007177083333333333
5.350170100572001, 0.007184375
5.413113278225789, 0.007184375
5.4760564558795775, 0.007171875
5.538999633533366, 0.007171875
5.601942811187154, 0.007164583333333334
5.664885988840942, 0.007155208333333334
5.727829166494731, 0.00714375
5.790772344148519, 0.007145833333333333
5.853715521802307, 0.007154166666666666
5.916658699456096, 0.007171875
5.979601877109884, 0.0071604166666666665
6.042545054763671, 0.007173958333333333
6.10548823241746, 0.007179166666666667
6.168431410071248, 0.0071875
6.231374587725036, 0.007184375
