0.0, 0.0
0.19264217391321478, 0.00021857707509881423
0.38528434782642956, 0.0004276679841897233
0.5779265217396443, 0.0006332015810276679
0.7705686956528591, 0.0008300395256916996
0.9632108695660739, 0.001033596837944664
1.1558530434792886, 0.0012395256916996047
1.3484952173925036, 0.0014521739130434782
1.5411373913057183, 0.001667193675889328
1.733779565218933, 0.0018679841897233202
1.9264217391321479, 0.0020628458498023715
2.1190639130453626, 0.002272332015810277
2.3117060869585773, 0.0024624505928853755
2.504348260871792, 0.002658498023715415
2.696990434785007, 0.002858893280632411
2.889632608698222, 0.003058498023715415
3.0822747826114365, 0.003267588932806324
3.274916956524651, 0.0034699604743083003
3.467559130437866, 0.0036699604743083004
3.660201304351081, 0.003882608695652174
3.8528434782642957, 0.00408695652173913
4.04548565217751, 0.004286956521739131
4.238127826090725, 0.004511857707509882
4.43077000000394, 0.0047300395256916995
4.6234121739171545, 0.004945849802371541
4.816054347830369, 0.005165612648221344
5.008696521743584, 0.005365612648221344
5.2013386956567995, 0.005583794466403162
5.393980869570014, 0.00578498023715415
5.586623043483229, 0.005986561264822134
5.779265217396444, 0.006194071146245059
5.971907391309658, 0.006397628458498024
6.164549565222873, 0.006604743083003952
6.357191739136088, 0.006796442687747035
6.549833913049302, 0.006991304347826087
6.742476086962517, 0.007204743083003952
6.935118260875732, 0.007409486166007905
7.1277604347889465, 0.007608695652173913
7.320402608702162, 0.007819367588932806
7.513044782615377, 0.008018181818181818
7.7056869565285915, 0.008235573122529644
7.898329130441806, 0.008431225296442687
8.09097130435502, 0.00861897233201581
8.283613478268236, 0.008819367588932807
8.47625565218145, 0.00903201581027668
8.668897826094666, 0.009234387351778657
8.86154000000788, 0.009437154150197628
9.054182173921095, 0.009646640316205534
9.246824347834309, 0.009849407114624505
9.439466521747525, 0.010060079051383399
9.632108695660738, 0.010274703557312253
9.824750869573954, 0.010475889328063242
10.017393043487168, 0.010691699604743083
10.210035217400383, 0.010883399209486166
10.402677391313599, 0.011090513833992096
10.595319565226813, 0.01127588932806324
10.787961739140028, 0.01146086956521739
10.980603913053242, 0.01166798418972332
11.173246086966458, 0.011866798418972332
11.365888260879672, 0.012049802371541503
11.558530434792887, 0.012239920948616602
11.751172608706101, 0.012430434782608695
11.943814782619317, 0.012602371541501976
12.13645695653253, 0.01276600790513834
12.329099130445746, 0.012935177865612648
12.521741304358962, 0.013039130434782609
12.714383478272175, 0.013157707509881423
12.907025652185391, 0.013284189723320157
13.099667826098605, 0.013384189723320158
13.29231000001182, 0.013467193675889328
13.484952173925034, 0.013525296442687747
13.67759434783825, 0.01358498023715415
13.870236521751464, 0.013642687747035573
14.06287869566468, 0.013703952569169961
14.255520869577893, 0.01372490118577075
14.448163043491109, 0.013765612648221345
14.640805217404324, 0.013800790513833991
14.833447391317538, 0.013832411067193675
15.026089565230754, 0.013847430830039526
15.218731739143967, 0.013881818181818183
15.411373913057183, 0.01391501976284585
15.604016086970397, 0.01394703557312253
15.796658260883612, 0.013972332015810277
15.989300434796826, 0.01395691699604743
16.18194260871004, 0.013959288537549406
16.374584782623256, 0.013966798418972332
16.567226956536473, 0.013964822134387352
16.759869130449687, 0.013964822134387352
16.9525113043629, 0.01395494071146245
17.145153478276114, 0.01396798418972332
17.33779565218933, 0.01396600790513834
17.530437826102546, 0.013967588932806325
17.72308000001576, 0.013967193675889328
17.915722173928973, 0.013984189723320158
18.10836434784219, 0.013982213438735179
18.301006521755404, 0.013960869565217391
18.493648695668618, 0.013961264822134388
18.686290869581835, 0.013972727272727272
18.87893304349505, 0.013954150197628459
19.071575217408263, 0.013955731225296442
