0.0, 0.0
0.12647181431488475, 0.00023630573248407643
0.2529436286297695, 0.0004630573248407643
0.37941544294465424, 0.0006808917197452229
0.505887257259539, 0.0009012738853503185
0.6323590715744237, 0.001110828025477707
0.7588308858893085, 0.0013286624203821657
0.8853027002041932, 0.0015452229299363057
1.011774514519078, 0.0017528662420382166
1.1382463288339628, 0.001988535031847134
1.2647181431488475, 0.0022019108280254777
1.391189957463732, 0.002435031847133758
1.517661771778617, 0.002654140127388535
1.6441335860935018, 0.002881528662420382
1.7706054004083864, 0.0031121019108280253
1.897077214723271, 0.0033509554140127387
2.023549029038156, 0.003565605095541401
2.150020843353041, 0.003785987261146497
2.2764926576679256, 0.003994267515923567
2.40296447198281, 0.004210828025477707
2.529436286297695, 0.00444140127388535
2.6559081006125798, 0.004640764331210191
2.782379914927464, 0.0048732484076433125
2.908851729242349, 0.005084713375796178
3.035323543557234, 0.0052821656050955415
3.1617953578721187, 0.0054923566878980895
3.2882671721870036, 0.005724203821656051
3.414738986501888, 0.005935668789808917
3.541210800816773, 0.006160509554140128
3.6676826151316577, 0.0063853503184713375
3.794154429446542, 0.006599363057324841
3.920626243761427, 0.006817834394904459
4.047098058076312, 0.007031847133757962
4.173569872391196, 0.007245859872611465
4.300041686706082, 0.007468152866242039
4.426513501020966, 0.007684076433121019
4.552985315335851, 0.007920382165605096
4.679457129650736, 0.008129299363057325
4.80592894396562, 0.008340127388535032
4.932400758280505, 0.008564331210191083
5.05887257259539, 0.008778343949044585
5.185344386910274, 0.008992993630573248
5.3118162012251595, 0.009231847133757961
5.438288015540044, 0.009453503184713375
5.564759829854928, 0.009687261146496816
5.691231644169814, 0.009915923566878981
5.817703458484698, 0.010126751592356688
5.944175272799583, 0.010342038216560509
6.070647087114468, 0.010549044585987261
6.197118901429352, 0.010771974522292994
6.3235907157442375, 0.010996178343949045
6.450062530059122, 0.011231847133757961
6.576534344374007, 0.01144076433121019
6.703006158688892, 0.011654777070063694
6.829477973003776, 0.011877070063694267
6.955949787318661, 0.012096815286624204
7.082421601633546, 0.012298726114649682
7.20889341594843, 0.012484076433121018
7.335365230263315, 0.012721656050955415
7.4618370445782, 0.012928025477707007
7.588308858893084, 0.013136942675159236
7.71478067320797, 0.013323566878980892
7.841252487522854, 0.013504458598726114
7.967724301837739, 0.013657324840764332
8.094196116152624, 0.013813375796178345
8.220667930467508, 0.013939490445859872
8.347139744782393, 0.014063057324840764
8.473611559097279, 0.014159872611464968
8.600083373412163, 0.014259872611464969
8.726555187727048, 0.01435859872611465
8.853027002041932, 0.014444585987261147
8.979498816356816, 0.01449936305732484
9.105970630671703, 0.014567515923566879
9.232442444986587, 0.014594904458598726
9.358914259301471, 0.014632484076433121
9.485386073616356, 0.014665605095541401
9.61185788793124, 0.014727388535031848
9.738329702246125, 0.014761783439490446
9.86480151656101, 0.01483312101910828
9.991273330875895, 0.01485796178343949
10.11774514519078, 0.014870063694267516
10.244216959505664, 0.014896178343949044
10.370688773820548, 0.014904458598726114
10.497160588135435, 0.014903821656050956
10.623632402450319, 0.014931210191082803
10.750104216765203, 0.014934394904458598
10.876576031080088, 0.014945222929936306
11.003047845394972, 0.014973885350318471
11.129519659709857, 0.014988535031847133
11.255991474024743, 0.014984076433121019
11.382463288339627, 0.015012101910828026
11.508935102654512, 0.01502420382165605
11.635406916969396, 0.015061783439490446
11.76187873128428, 0.015052229299363057
11.888350545599167, 0.015051592356687899
12.014822359914051, 0.015062420382165605
12.141294174228936, 0.015062420382165605
12.26776598854382, 0.01505796178343949
12.394237802858704, 0.01504203821656051
12.52070961717359, 0.015048407643312101
