0.0, 0.0
0.3093203989445971, 6.384976525821596e-05
0.6186407978891942, 0.00013098591549295775
0.9279611968337913, 0.0002
1.2372815957783885, 0.00026338028169014085
1.5466019947229857, 0.00032582159624413144
1.8559223936675826, 0.00039507042253521127
2.16524279261218, 0.0004561032863849765
2.474563191556777, 0.0005206572769953052
2.783883590501374, 0.0005786384976525821
3.0932039894459713, 0.0006396713615023474
3.4025243883905683, 0.000703755868544601
3.711844787335165, 0.000763849765258216
4.021165186279762, 0.0008295774647887324
4.33048558522436, 0.0008913145539906104
4.639805984168957, 0.0009551643192488263
4.949126383113554, 0.001015962441314554
5.258446782058151, 0.0010708920187793428
5.567767181002748, 0.0011279342723004694
5.877087579947346, 0.0011873239436619718
6.186407978891943, 0.0012490610328638498
6.49572837783654, 0.001318075117370892
6.8050487767811365, 0.0013807511737089202
7.1143691757257335, 0.001437793427230047
7.42368957467033, 0.001500469483568075
7.733009973614928, 0.0015615023474178404
8.042330372559524, 0.001616431924882629
8.351650771504122, 0.0016746478873239437
8.66097117044872, 0.0017305164319248827
8.970291569393316, 0.001797887323943662
9.279611968337914, 0.0018561032863849765
9.58893236728251, 0.0019253521126760564
9.898252766227108, 0.0019830985915492956
10.207573165171706, 0.0020502347417840376
10.516893564116302, 0.002112910798122066
10.8262139630609, 0.002172300469483568
11.135534362005496, 0.002232863849765258
11.444854760950093, 0.002295774647887324
11.754175159894691, 0.0023551643192488265
12.063495558839287, 0.0024187793427230047
12.372815957783885, 0.002479107981220657
12.682136356728481, 0.0025417840375586854
12.99145675567308, 0.0025992957746478872
13.300777154617677, 0.0026575117370892017
13.610097553562273, 0.0027232394366197184
13.91941795250687, 0.0027812206572769955
14.228738351451467, 0.0028464788732394364
14.538058750396065, 0.002899295774647887
14.84737914934066, 0.0029647887323943664
15.156699548285259, 0.0030295774647887326
15.466019947229857, 0.0030870892018779344
15.775340346174453, 0.003153755868544601
16.08466074511905, 0.0032211267605633804
16.39398114406365, 0.0032816901408450703
16.703301543008244, 0.003348591549295775
17.01262194195284, 0.0034046948356807514
17.32194234089744, 0.0034666666666666665
17.631262739842036, 0.0035295774647887326
17.940583138786632, 0.003592018779342723
18.24990353773123, 0.0036615023474178402
18.559223936675828, 0.0037246478873239437
18.868544335620424, 0.0037854460093896714
19.17786473456502, 0.003846244131455399
19.48718513350962, 0.0039
19.796505532454216, 0.003949530516431925
20.10582593139881, 0.003988028169014084
20.41514633034341, 0.004035211267605634
20.724466729288007, 0.0040683098591549295
21.033787128232603, 0.004091314553990611
21.3431075271772, 0.004109859154929577
21.6524279261218, 0.004120657276995305
21.961748325066395, 0.00413075117370892
22.27106872401099, 0.004138732394366197
22.58038912295559, 0.004135680751173709
22.889709521900187, 0.004140140845070422
23.199029920844783, 0.004146478873239437
23.508350319789383, 0.004150469483568075
23.81767071873398, 0.004146244131455399
24.126991117678575, 0.004151408450704225
24.43631151662317, 0.004148356807511737
24.74563191556777, 0.004157746478873239
25.054952314512366, 0.004154225352112676
25.364272713456963, 0.004152582159624413
25.673593112401562, 0.004152816901408451
25.98291351134616, 0.0041570422535211265
26.292233910290754, 0.004159389671361502
26.601554309235354, 0.004159859154929577
26.91087470817995, 0.004153521126760563
27.220195107124546, 0.004152816901408451
27.529515506069142, 0.004153755868544601
27.83883590501374, 0.004152816901408451
28.148156303958338, 0.004156572769953052
28.457476702902934, 0.0041591549295774645
28.766797101847533, 0.004155399061032864
29.07611750079213, 0.004157276995305164
29.385437899736726, 0.004161971830985916
29.69475829868132, 0.00417112676056338
30.00407869762592, 0.004168544600938967
30.313399096570517, 0.004183802816901409
30.622719495515113, 0.004181455399061033
