0.0, 0.0
0.29914633962711457, 0.0002336111111111111
0.5982926792542291, 0.0004316666666666667
0.8974390188813437, 0.0006408333333333333
1.1965853585084583, 0.0008338888888888889
1.4957316981355728, 0.0010361111111111111
1.7948780377626874, 0.0012452777777777779
2.094024377389802, 0.0014438888888888889
2.3931707170169165, 0.0016333333333333334
2.692317056644031, 0.0018347222222222222
2.9914633962711457, 0.0020383333333333334
3.2906097358982604, 0.002234722222222222
3.589756075525375, 0.002426388888888889
3.888902415152489, 0.0026191666666666668
4.188048754779604, 0.0028219444444444446
4.487195094406719, 0.003018888888888889
4.786341434033833, 0.0032188888888888888
5.085487773660947, 0.003417777777777778
5.384634113288062, 0.003626111111111111
5.683780452915177, 0.003829722222222222
5.982926792542291, 0.0040280555555555556
6.282073132169406, 0.004233055555555556
6.581219471796521, 0.004436666666666667
6.880365811423635, 0.004626944444444445
7.17951215105075, 0.004818333333333333
7.478658490677864, 0.0050258333333333335
7.777804830304978, 0.005228055555555555
8.076951169932093, 0.0054241666666666665
8.376097509559209, 0.005626944444444445
8.675243849186323, 0.005832777777777778
8.974390188813437, 0.006025277777777778
9.273536528440552, 0.006228611111111111
9.572682868067666, 0.006431944444444444
9.87182920769478, 0.0066411111111111115
10.170975547321895, 0.0068475
10.47012188694901, 0.007055555555555555
10.769268226576123, 0.0072588888888888885
11.06841456620324, 0.007452777777777778
11.367560905830354, 0.007658055555555556
11.666707245457468, 0.007860277777777779
11.965853585084583, 0.008051111111111111
12.264999924711697, 0.008253055555555555
12.564146264338811, 0.008452777777777778
12.863292603965926, 0.00864638888888889
13.162438943593042, 0.0088525
13.461585283220156, 0.009049166666666667
13.76073162284727, 0.009256388888888889
14.059877962474385, 0.009450277777777778
14.3590243021015, 0.0096525
14.658170641728614, 0.009853333333333334
14.957316981355728, 0.0100425
15.256463320982842, 0.010245555555555556
15.555609660609957, 0.010441111111111111
15.854756000237073, 0.010642222222222223
16.153902339864185, 0.010835833333333333
16.4530486794913, 0.011043611111111112
16.752195019118417, 0.0112425
17.051341358745532, 0.011440833333333334
17.350487698372646, 0.011627777777777779
17.64963403799976, 0.011830277777777778
17.948780377626875, 0.012019166666666666
18.24792671725399, 0.0122025
18.547073056881104, 0.012375277777777778
18.846219396508218, 0.012545277777777778
19.145365736135332, 0.012696666666666667
19.444512075762447, 0.012834444444444445
19.74365841538956, 0.012951111111111111
20.042804755016675, 0.01306861111111111
20.34195109464379, 0.013157777777777777
20.641097434270904, 0.013239722222222222
20.94024377389802, 0.013315833333333334
21.239390113525133, 0.013372222222222223
21.538536453152247, 0.013409444444444444
21.837682792779365, 0.013445833333333334
22.13682913240648, 0.013479166666666667
22.435975472033594, 0.013534444444444444
22.735121811660708, 0.01356
23.034268151287822, 0.013591388888888889
23.333414490914937, 0.013601388888888889
23.63256083054205, 0.013605
23.931707170169165, 0.013620833333333334
24.23085350979628, 0.013635833333333333
24.529999849423394, 0.013633888888888888
24.82914618905051, 0.013629166666666666
25.128292528677623, 0.013639722222222221
25.427438868304737, 0.01364
25.72658520793185, 0.013646944444444444
26.025731547558966, 0.013648611111111111
26.324877887186084, 0.013645277777777777
26.624024226813198, 0.013637777777777778
26.923170566440312, 0.013620555555555556
27.222316906067427, 0.013630555555555555
27.52146324569454, 0.013626111111111111
27.820609585321655, 0.01362638888888889
28.11975592494877, 0.013629166666666666
28.418902264575884, 0.013634444444444444
28.718048604203, 0.013629722222222222
29.017194943830113, 0.013633055555555556
29.316341283457227, 0.013644722222222223
29.61548762308434, 0.013633611111111112
29.914633962711456, 0.013650833333333333
