0.0, 0.0
0.0622065483715642, 0.0009635294117647059
0.1244130967431284, 0.0018035294117647058
0.18661964511469262, 0.0026129411764705883
0.2488261934862568, 0.0032988235294117646
0.31103274185782104, 0.003945882352941177
0.37323929022938523, 0.004567058823529412
0.43544583860094943, 0.005197647058823529
0.4976523869725136, 0.005794117647058824
0.5598589353440778, 0.006448235294117647
0.6220654837156421, 0.007058823529411765
0.6842720320872062, 0.007734117647058824
0.7464785804587705, 0.008349411764705883
0.8086851288303346, 0.008970588235294117
0.8708916772018989, 0.00957764705882353
0.933098225573463, 0.010224705882352941
0.9953047739450273, 0.010838823529411765
1.0575113223165915, 0.011487058823529411
1.1197178706881556, 0.012104705882352941
1.1819244190597198, 0.012691764705882354
1.2441309674312842, 0.013251764705882354
1.3063375158028483, 0.013848235294117647
1.3685440641744124, 0.01445529411764706
1.4307506125459766, 0.015054117647058824
1.492957160917541, 0.01563764705882353
1.555163709289105, 0.016252941176470588
1.6173702576606692, 0.01694235294117647
1.6795768060322336, 0.01757058823529412
1.7417833544037977, 0.01818
1.8039899027753619, 0.018798823529411764
1.866196451146926, 0.019407058823529413
1.9284029995184904, 0.020004705882352942
1.9906095478900545, 0.020603529411764705
2.0528160962616187, 0.02121764705882353
2.115022644633183, 0.02182470588235294
2.177229193004747, 0.022425882352941177
2.2394357413763113, 0.02305176470588235
2.3016422897478757, 0.02360705882352941
2.3638488381194396, 0.02420235294117647
2.426055386491004, 0.024795294117647058
2.4882619348625683, 0.02539764705882353
2.550468483234132, 0.026030588235294118
2.6126750316056966, 0.026654117647058825
2.674881579977261, 0.02732
2.737088128348825, 0.027923529411764705
2.7992946767203892, 0.028512941176470588
2.861501225091953, 0.02908470588235294
2.9237077734635175, 0.02966941176470588
2.985914321835082, 0.03026705882352941
3.048120870206646, 0.030851764705882353
3.11032741857821, 0.031452941176470586
3.1725339669497745, 0.03200941176470588
3.2347405153213384, 0.03259294117647059
3.296947063692903, 0.03316235294117647
3.359153612064467, 0.03375529411764706
3.421360160436031, 0.0343
3.4835667088075954, 0.034874117647058826
3.54577325717916, 0.03540235294117647
3.6079798055507237, 0.03590352941176471
3.670186353922288, 0.03630470588235294
3.732392902293852, 0.03674235294117647
3.7945994506654164, 0.037163529411764706
3.8568059990369807, 0.03752470588235294
3.9190125474085447, 0.03787294117647059
3.981219095780109, 0.038228235294117646
4.043425644151673, 0.03856
4.105632192523237, 0.03890941176470588
4.167838740894801, 0.03926588235294118
4.230045289266366, 0.03956823529411765
4.29225183763793, 0.039789411764705886
4.354458386009494, 0.04002
4.416664934381059, 0.040214117647058824
4.478871482752623, 0.04041764705882353
4.5410780311241865, 0.0406635294117647
4.603284579495751, 0.04089647058823529
4.665491127867315, 0.04105529411764706
4.727697676238879, 0.041250588235294115
4.789904224610444, 0.041418823529411765
4.852110772982008, 0.041532941176470585
4.914317321353572, 0.04164941176470588
4.976523869725137, 0.04173529411764706
5.0387304180967005, 0.04185058823529412
5.100936966468264, 0.04194470588235294
5.163143514839829, 0.042021176470588235
5.225350063211393, 0.04212941176470588
5.287556611582957, 0.042214117647058826
5.349763159954522, 0.042343529411764703
5.411969708326086, 0.042475294117647056
5.47417625669765, 0.04253058823529412
5.5363828050692145, 0.04264588235294118
5.5985893534407785, 0.04272705882352941
5.660795901812342, 0.04282588235294118
5.723002450183906, 0.042901176470588234
5.785208998555471, 0.04297294117647059
5.847415546927035, 0.042975294117647056
5.909622095298599, 0.04303529411764706
5.971828643670164, 0.043111764705882356
6.034035192041728, 0.04314117647058824
6.096241740413292, 0.04323176470588235
6.158448288784856, 0.04329529411764706
