0.0, 0.0
0.3737291743658611, 0.00012003780718336484
0.7474583487317222, 0.0002330812854442344
1.1211875230975834, 0.00034839319470699435
1.4949166974634445, 0.00045765595463138
1.8686458718293055, 0.0005693761814744801
2.242375046195167, 0.0006841209829867675
2.6161042205610276, 0.0008026465028355388
2.989833394926889, 0.0009066162570888469
3.36356256929275, 0.001014366729678639
3.737291743658611, 0.0011330812854442344
4.111020918024472, 0.0012533081285444234
4.484750092390334, 0.0013716446124763706
4.858479266756195, 0.0014829867674858222
5.232208441122055, 0.001600945179584121
5.605937615487917, 0.0017122873345935727
5.979666789853778, 0.0018260869565217392
6.353395964219639, 0.001934593572778828
6.7271251385855, 0.0020493383742911154
7.100854312951361, 0.0021612476370510398
7.474583487317222, 0.002276748582230624
7.848312661683083, 0.0023882797731568997
8.222041836048945, 0.002499243856332703
8.595771010414806, 0.0026045368620037806
8.969500184780667, 0.0027209829867674857
9.343229359146529, 0.0028334593572778826
9.71695853351239, 0.00294820415879017
10.09068770787825, 0.0030621928166351606
10.46441688224411, 0.0031754253308128545
10.838146056609972, 0.003290359168241966
11.211875230975833, 0.0034041587901701325
11.585604405341694, 0.003510586011342155
11.959333579707556, 0.0036289224952741022
12.333062754073417, 0.0037446124763705103
12.706791928439278, 0.0038521739130434785
13.08052110280514, 0.003966162570888469
13.454250277171, 0.00408241965973535
13.827979451536862, 0.004192627599243856
14.201708625902722, 0.004309640831758034
14.575437800268583, 0.004420037807183365
14.949166974634444, 0.004525141776937618
15.322896149000305, 0.004630812854442344
15.696625323366167, 0.004741398865784499
16.070354497732026, 0.004854253308128545
16.44408367209789, 0.004962570888468809
16.81781284646375, 0.005072400756143667
17.191542020829612, 0.005190737240075615
17.56527119519547, 0.005296786389413988
17.939000369561334, 0.005406427221172023
18.312729543927194, 0.005511531190926276
18.686458718293057, 0.005628355387523629
19.060187892658917, 0.005747826086956522
19.43391706702478, 0.0058620037807183365
19.80764624139064, 0.005974291115311909
20.1813754157565, 0.006083553875236295
20.55510459012236, 0.006202268431001891
20.92883376448822, 0.006316635160680529
21.302562938854084, 0.006419470699432892
21.676292113219944, 0.006536672967863894
22.050021287585807, 0.006645557655954632
22.423750461951666, 0.006748582230623818
22.79747963631753, 0.006856521739130435
23.17120881068339, 0.006967296786389414
23.544937985049252, 0.007055198487712666
23.91866715941511, 0.007148960302457467
24.29239633378097, 0.007233081285444235
24.666125508146834, 0.007306238185255199
25.039854682512694, 0.007378638941398866
25.413583856878557, 0.007430434782608695
25.787313031244416, 0.007473345935727788
26.16104220561028, 0.007503402646502836
26.53477137997614, 0.007521361058601134
26.908500554342, 0.00754234404536862
27.28222972870786, 0.007554820415879017
27.655958903073724, 0.007571077504725898
28.029688077439584, 0.0075697542533081285
28.403417251805443, 0.007588090737240076
28.777146426171306, 0.007574102079395085
29.150875600537166, 0.007572778827977316
29.52460477490303, 0.007580340264650284
29.89833394926889, 0.007583742911153119
30.27206312363475, 0.007593950850661626
30.64579229800061, 0.00758109640831758
31.019521472366474, 0.007582230623818525
31.393250646732334, 0.007584310018903592
31.766979821098197, 0.007583364839319471
32.14070899546405, 0.007580340264650284
32.514438169829916, 0.0075765595463138
32.88816734419578, 0.007570321361058601
33.26189651856164, 0.007577126654064272
33.6356256929275, 0.0075712665406427225
34.00935486729336, 0.0075689981096408315
34.383084041659224, 0.007571455576559546
34.75681321602509, 0.007569565217391304
35.13054239039094, 0.007567296786389414
35.504271564756806, 0.007562759924385634
35.87800073912267, 0.007565784499054821
36.251729913488525, 0.007568809073724008
36.62545908785439, 0.007558790170132325
36.99918826222025, 0.007561625708884688
