0.0, 0.0
0.12424282313951578, 0.0001375796178343949
0.24848564627903155, 0.00025605095541401273
0.3727284694185473, 0.0003980891719745223
0.4969712925580631, 0.0005267515923566879
0.6212141156975789, 0.0006554140127388535
0.7454569388370946, 0.0007834394904458598
0.8696997619766105, 0.0009019108280254777
0.9939425851161262, 0.0010445859872611465
1.118185408255642, 0.001167515923566879
1.2424282313951578, 0.0012904458598726116
1.3666710545346736, 0.0014318471337579617
1.4909138776741893, 0.0015560509554140127
1.615156700813705, 0.0016955414012738853
1.739399523953221, 0.0018171974522292994
1.8636423470927366, 0.001935031847133758
1.9878851702322524, 0.002061783439490446
2.112127993371768, 0.002184076433121019
2.236370816511284, 0.002302547770700637
2.3606136396507997, 0.0024305732484076435
2.4848564627903156, 0.002567515923566879
2.6090992859298314, 0.002705095541401274
2.7333421090693473, 0.0028439490445859874
2.8575849322088627, 0.0029878980891719746
2.9818277553483785, 0.0031254777070063695
3.1060705784878944, 0.003251592356687898
3.23031340162741, 0.003380891719745223
3.354556224766926, 0.003521656050955414
3.478799047906442, 0.0036522292993630572
3.6030418710459573, 0.0037764331210191084
3.727284694185473, 0.0039
3.851527517324989, 0.004040764331210191
3.975770340464505, 0.004168789808917197
4.100013163604021, 0.004298726114649681
4.224255986743536, 0.004417834394904459
4.348498809883052, 0.004545859872611465
4.472741633022568, 0.004667515923566879
4.596984456162084, 0.004784076433121019
4.7212272793015995, 0.00490828025477707
4.845470102441115, 0.005038853503184714
4.969712925580631, 0.0051770700636942675
5.093955748720147, 0.005285350318471337
5.218198571859663, 0.005405732484076433
5.342441394999178, 0.005541401273885351
5.4666842181386945, 0.005673248407643312
5.59092704127821, 0.00581656050955414
5.715169864417725, 0.005954777070063694
5.839412687557242, 0.006078343949044586
5.963655510696757, 0.0062146496815286625
6.087898333836273, 0.006344585987261147
6.212141156975789, 0.006481528662420382
6.336383980115305, 0.006619108280254777
6.46062680325482, 0.006729936305732484
6.584869626394336, 0.006855414012738853
6.709112449533852, 0.0069968152866242035
6.8333552726733675, 0.007122292993630573
6.957598095812884, 0.007249044585987261
7.081840918952399, 0.007356687898089172
7.206083742091915, 0.007479617834394905
7.330326565231431, 0.007609554140127388
7.454569388370946, 0.007729299363057325
7.578812211510463, 0.007855414012738853
7.703055034649978, 0.007982802547770701
7.827297857789494, 0.008067515923566878
7.95154068092901, 0.008163694267515923
8.075783504068525, 0.008233757961783439
8.200026327208041, 0.00830828025477707
8.324269150347558, 0.008398089171974522
8.448511973487072, 0.008448407643312101
8.572754796626588, 0.008522292993630573
8.696997619766105, 0.00856624203821656
8.82124044290562, 0.008601910828025477
8.945483266045136, 0.00865796178343949
9.069726089184652, 0.008671974522292994
9.193968912324168, 0.008685350318471338
9.318211735463683, 0.008710191082802549
9.442454558603199, 0.008735668789808916
9.566697381742715, 0.008751592356687899
9.69094020488223, 0.00875796178343949
9.815183028021746, 0.008764331210191083
9.939425851161262, 0.008781528662420383
10.063668674300779, 0.008796815286624203
10.187911497440293, 0.008805732484076434
10.31215432057981, 0.008838216560509555
10.436397143719326, 0.00884267515923567
10.56063996685884, 0.008851592356687898
10.684882789998357, 0.008856687898089173
10.809125613137873, 0.008846496815286624
10.933368436277389, 0.008855414012738854
11.057611259416904, 0.008836305732484076
11.18185408255642, 0.008836942675159236
11.306096905695936, 0.008836942675159236
11.43033972883545, 0.008843949044585988
11.554582551974967, 0.008843312101910828
11.678825375114483, 0.008832484076433122
11.803068198254, 0.008847770700636942
11.927311021393514, 0.00885031847133758
12.05155384453303, 0.008840127388535032
12.175796667672547, 0.00884076433121019
12.300039490812061, 0.008847770700636942
