0.0, 0.0
0.2859674500648464, 4.750656167979003e-05
0.5719349001296928, 9.002624671916011e-05
0.8579023501945393, 0.00013595800524934384
1.1438698002593857, 0.00017664041994750655
1.429837250324232, 0.00022020997375328083
1.7158047003890786, 0.00026692913385826774
2.0017721504539248, 0.00031076115485564307
2.2877396005187713, 0.0003569553805774278
2.573707050583618, 0.0003973753280839895
2.859674500648464, 0.00044330708661417323
3.1456419507133107, 0.0004897637795275591
3.4316094007781572, 0.000531758530183727
3.7175768508430034, 0.0005766404199475066
4.0035443009078495, 0.0006233595800524934
4.2895117509726965, 0.0006671916010498688
4.575479201037543, 0.0007089238845144357
4.861446651102389, 0.0007543307086614173
5.147414101167236, 0.0007963254593175853
5.433381551232082, 0.0008393700787401575
5.719349001296928, 0.0008832020997375328
6.005316451361775, 0.0009194225721784777
6.291283901426621, 0.0009653543307086614
6.5772513514914674, 0.0010086614173228346
6.8632188015563145, 0.0010556430446194225
7.149186251621161, 0.0010968503937007874
7.435153701686007, 0.0011409448818897638
7.721121151750853, 0.0011868766404199474
8.007088601815699, 0.0012288713910761156
8.293056051880546, 0.0012727034120734908
8.579023501945393, 0.001315485564304462
8.864990952010238, 0.0013587926509186351
9.150958402075085, 0.0014010498687664042
9.436925852139932, 0.0014435695538057743
9.722893302204778, 0.00149002624671916
10.008860752269625, 0.0015293963254593176
10.294828202334472, 0.0015740157480314961
10.580795652399317, 0.001620997375328084
10.866763102464164, 0.0016601049868766404
11.152730552529011, 0.001699475065616798
11.438698002593856, 0.0017427821522309711
11.724665452658703, 0.0017850393700787402
12.01063290272355, 0.001827296587926509
12.296600352788396, 0.001868503937007874
12.582567802853243, 0.0019146981627296588
12.86853525291809, 0.001957742782152231
13.154502702982935, 0.0020010498687664043
13.440470153047782, 0.0020488188976377953
13.726437603112629, 0.0020960629921259843
14.012405053177474, 0.0021409448818897636
14.298372503242321, 0.0021818897637795277
14.584339953307166, 0.0022199475065616796
14.870307403372014, 0.0022656167979002626
15.15627485343686, 0.002307086614173228
15.442242303501706, 0.0023496062992125985
15.728209753566553, 0.002390288713910761
16.014177203631398, 0.0024343832020997376
16.300144653696247, 0.002480314960629921
16.586112103761092, 0.0025236220472440946
16.872079553825937, 0.0025658792650918635
17.158047003890786, 0.0026081364829396323
17.44401445395563, 0.0026545931758530186
17.729981904020477, 0.002694488188976378
18.015949354085325, 0.002732283464566929
18.30191680415017, 0.002762729658792651
18.587884254215016, 0.0027968503937007873
18.873851704279865, 0.002827034120734908
19.15981915434471, 0.00284750656167979
19.445786604409555, 0.0028713910761154855
19.731754054474404, 0.002879002624671916
20.01772150453925, 0.0028884514435695537
20.303688954604095, 0.0028918635170603673
20.589656404668943, 0.0029026246719160106
20.87562385473379, 0.0029081364829396327
21.161591304798634, 0.0029044619422572177
21.447558754863483, 0.0029020997375328083
21.733526204928328, 0.002899737532808399
22.019493654993173, 0.0029
22.305461105058022, 0.002888976377952756
22.591428555122867, 0.0028887139107611546
22.877396005187713, 0.0028900262467191603
23.16336345525256, 0.0028900262467191603
23.449330905317407, 0.002884776902887139
23.735298355382252, 0.0028800524934383203
24.0212658054471, 0.0028784776902887137
24.307233255511946, 0.002874803149606299
24.59320070557679, 0.0028755905511811024
24.87916815564164, 0.0028813648293963255
25.165135605706485, 0.002889501312335958
25.45110305577133, 0.0028871391076115485
25.73707050583618, 0.002883464566929134
26.023037955901025, 0.002890813648293963
26.30900540596587, 0.00288503937007874
26.59497285603072, 0.0028874015748031495
26.880940306095564, 0.0028929133858267716
27.16690775616041, 0.0028913385826771654
27.452875206225258, 0.002889763779527559
27.738842656290103, 0.0028913385826771654
28.02481010635495, 0.002890551181102362
28.310777556419794, 0.0028855643044619424
