0.0, 0.0
0.15095689531856674, 0.0002458715596330275
0.3019137906371335, 0.0004605504587155963
0.45287068595570024, 0.0006853211009174312
0.603827581274267, 0.0008931192660550459
0.7547844765928337, 0.0011114678899082568
0.9057413719114005, 0.0013220183486238532
1.0566982672299672, 0.0015261467889908257
1.207655162548534, 0.0017261467889908256
1.3586120578671006, 0.0019454128440366972
1.5095689531856673, 0.002144954128440367
1.660525848504234, 0.002372935779816514
1.811482743822801, 0.0025807339449541284
1.9624396391413677, 0.0027784403669724772
2.1133965344599344, 0.0029724770642201833
2.264353429778501, 0.003185321100917431
2.415310325097068, 0.003401376146788991
2.5662672204156345, 0.0036041284403669723
2.717224115734201, 0.0038192660550458715
2.868181011052768, 0.004043577981651376
3.0191379063713346, 0.004244036697247706
3.1700948016899013, 0.004444036697247707
3.321051697008468, 0.004672935779816514
3.4720085923270347, 0.004892660550458716
3.622965487645602, 0.005105504587155963
3.7739223829641686, 0.005319266055045872
3.9248792782827353, 0.005526605504587156
4.075836173601302, 0.005738073394495413
4.226793068919869, 0.005930275229357798
4.377749964238435, 0.0061394495412844035
4.528706859557002, 0.006355963302752294
4.679663754875569, 0.0065610091743119265
4.830620650194136, 0.006779357798165138
4.981577545512702, 0.006982568807339449
5.132534440831269, 0.007197706422018349
5.283491336149836, 0.007407339449541284
5.434448231468402, 0.0076155963302752296
5.585405126786969, 0.007830733944954128
5.736362022105536, 0.008041284403669725
5.8873189174241025, 0.008254587155963302
6.038275812742669, 0.008472018348623853
6.189232708061236, 0.008691743119266055
6.340189603379803, 0.008889908256880734
6.491146498698369, 0.009077064220183487
6.642103394016936, 0.00928256880733945
6.793060289335503, 0.009489908256880734
6.9440171846540695, 0.009709633027522936
7.094974079972636, 0.009905963302752294
7.245930975291204, 0.010110550458715596
7.3968878706097705, 0.010327064220183486
7.547844765928337, 0.01055137614678899
7.698801661246904, 0.010761926605504587
7.849758556565471, 0.010991284403669725
8.000715451884037, 0.01120045871559633
8.151672347202604, 0.011391743119266055
8.30262924252117, 0.011610091743119265
8.453586137839737, 0.011837155963302752
8.604543033158304, 0.012046330275229358
8.75549992847687, 0.012253211009174312
8.906456823795438, 0.012443577981651376
9.057413719114004, 0.012629357798165137
9.208370614432571, 0.012813302752293578
9.359327509751138, 0.012987155963302752
9.510284405069704, 0.01316697247706422
9.661241300388271, 0.013324770642201835
9.812198195706838, 0.013461467889908258
9.963155091025405, 0.013584862385321101
10.114111986343971, 0.01368440366972477
10.265068881662538, 0.013782568807339449
10.416025776981105, 0.01386788990825688
10.566982672299671, 0.013954128440366972
10.717939567618238, 0.014022477064220183
10.868896462936805, 0.014071100917431193
11.019853358255371, 0.014125688073394496
11.170810253573938, 0.014188532110091743
11.321767148892505, 0.01423394495412844
11.472724044211072, 0.014278899082568807
11.623680939529638, 0.01430045871559633
11.774637834848205, 0.014311926605504587
11.925594730166772, 0.014345871559633027
12.076551625485338, 0.014362385321100917
12.227508520803905, 0.014370642201834863
12.378465416122472, 0.014397706422018349
12.529422311441039, 0.01441743119266055
12.680379206759605, 0.014427522935779816
12.831336102078172, 0.01443348623853211
12.982292997396739, 0.01443394495412844
13.133249892715305, 0.014435321100917432
13.284206788033872, 0.014421100917431193
13.435163683352439, 0.01439816513761468
13.586120578671006, 0.014431192660550459
13.737077473989572, 0.014445871559633028
13.888034369308139, 0.0144651376146789
14.038991264626706, 0.014460550458715596
14.189948159945272, 0.014452752293577982
14.340905055263839, 0.014470642201834862
14.491861950582408, 0.014468807339449542
14.642818845900974, 0.014488073394495413
14.793775741219541, 0.014476605504587157
14.944732636538108, 0.014476605504587157
