0.0, 0.0
0.25213747392133035, 0.0002
0.5042749478426607, 0.00039447513812154695
0.756412421763991, 0.0005883977900552486
1.0085498956853214, 0.0007773480662983425
1.2606873696066518, 0.0009571823204419889
1.512824843527982, 0.0011599447513812155
1.7649623174493123, 0.0013538674033149172
2.0170997913706428, 0.0015439226519337016
2.2692372652919732, 0.0017361878453038674
2.5213747392133037, 0.0019223756906077349
2.7735122131346337, 0.002116574585635359
3.025649687055964, 0.002306353591160221
3.2777871609772946, 0.002490331491712707
3.5299246348986246, 0.002693646408839779
3.782062108819955, 0.0028878453038674035
4.0341995827412855, 0.0030784530386740333
4.2863370566626156, 0.0032604972375690606
4.5384745305839465, 0.003449171270718232
4.7906120045052765, 0.003642265193370166
5.042749478426607, 0.0038408839779005524
5.294886952347937, 0.004023204419889502
5.547024426269267, 0.004214088397790056
5.799161900190598, 0.004396961325966851
6.051299374111928, 0.00459475138121547
6.303436848033258, 0.004779005524861878
6.555574321954589, 0.004962707182320442
6.807711795875919, 0.005148066298342541
7.059849269797249, 0.005334254143646409
7.31198674371858, 0.00550939226519337
7.56412421763991, 0.005695580110497238
7.816261691561241, 0.005867127071823204
8.068399165482571, 0.006048066298342541
8.320536639403901, 0.006245303867403315
8.572674113325231, 0.006429558011049724
8.824811587246563, 0.006619337016574586
9.076949061167893, 0.0068223756906077345
9.329086535089223, 0.0070035911602209944
9.581224009010553, 0.007198618784530386
9.833361482931883, 0.007383977900552486
10.085498956853215, 0.007567127071823204
10.337636430774545, 0.007747513812154696
10.589773904695875, 0.00793121546961326
10.841911378617205, 0.008121270718232045
11.094048852538535, 0.008301933701657459
11.346186326459865, 0.008492541436464088
11.598323800381197, 0.008670994475138121
11.850461274302527, 0.008866022099447514
12.102598748223857, 0.00905414364640884
12.354736222145187, 0.009237292817679559
12.606873696066517, 0.00943121546961326
12.859011169987848, 0.009615469613259668
13.111148643909178, 0.00981353591160221
13.363286117830508, 0.010013812154696133
13.615423591751838, 0.010202486187845304
13.867561065673168, 0.010384254143646408
14.119698539594498, 0.010580386740331491
14.37183601351583, 0.010767127071823205
14.62397348743716, 0.010934254143646408
14.87611096135849, 0.011132044198895028
15.12824843527982, 0.011304419889502763
15.38038590920115, 0.011478453038674032
15.632523383122482, 0.011641988950276244
15.884660857043812, 0.011802486187845304
16.136798330965142, 0.011946961325966851
16.388935804886472, 0.01207182320441989
16.641073278807802, 0.012193646408839779
16.893210752729132, 0.012287292817679558
17.145348226650462, 0.012373204419889502
17.397485700571792, 0.012451104972375691
17.649623174493126, 0.012503314917127072
17.901760648414456, 0.012566298342541436
18.153898122335786, 0.012614364640883977
18.406035596257116, 0.012677900552486188
18.658173070178446, 0.012708839779005525
18.910310544099776, 0.01272182320441989
19.162448018021106, 0.012743093922651934
19.414585491942436, 0.012756077348066299
19.666722965863766, 0.012759944751381215
19.918860439785096, 0.012779558011049724
20.17099791370643, 0.012793093922651934
20.42313538762776, 0.012811602209944751
20.67527286154909, 0.01282292817679558
20.92741033547042, 0.012827624309392265
21.17954780939175, 0.012819613259668508
21.43168528331308, 0.012822099447513812
21.68382275723441, 0.012822099447513812
21.93596023115574, 0.012811325966850829
22.18809770507707, 0.01280718232044199
22.4402351789984, 0.012800552486187845
22.69237265291973, 0.01281574585635359
22.944510126841063, 0.012837016574585636
23.196647600762393, 0.012842265193370166
23.448785074683723, 0.01286353591160221
23.700922548605053, 0.012848066298342542
23.953060022526383, 0.012857182320441989
24.205197496447713, 0.012840331491712707
24.457334970369043, 0.012846132596685083
24.709472444290373, 0.012843370165745856
24.961609918211703, 0.012848618784530386
25.213747392133033, 0.01284475138121547
