0.0, 0.0
0.3858915809395942, 0.00011197604790419161
0.7717831618791884, 0.00022175648702594812
1.1576747428187826, 0.00032914171656686625
1.5435663237583768, 0.0004347305389221557
1.929457904697971, 0.0005431137724550898
2.315349485637565, 0.0006477045908183632
2.7012410665771593, 0.0007608782435129741
3.0871326475167535, 0.0008636726546906188
3.4730242284563477, 0.0009746506986027944
3.858915809395942, 0.0010860279441117764
4.244807390335536, 0.0011956087824351298
4.63069897127513, 0.0012990019960079841
5.0165905522147245, 0.0014025948103792414
5.402482133154319, 0.0015129740518962076
5.788373714093913, 0.001615369261477046
6.174265295033507, 0.0017201596806387227
6.560156875973101, 0.0018297405189620758
6.9460484569126955, 0.0019313373253493013
7.33194003785229, 0.002028942115768463
7.717831618791884, 0.0021383233532934133
8.103723199731478, 0.0022387225548902196
8.489614780671072, 0.002343313373253493
8.875506361610666, 0.002457884231536926
9.26139794255026, 0.002563073852295409
9.647289523489855, 0.0026702594810379243
10.033181104429449, 0.0027726546906187625
10.419072685369043, 0.0028844311377245507
10.804964266308637, 0.0030025948103792415
11.190855847248232, 0.003107584830339321
11.576747428187826, 0.0032149700598802394
11.96263900912742, 0.0033229540918163674
12.348530590067014, 0.003430938123752495
12.734422171006608, 0.0035365269461077845
13.120313751946203, 0.0036407185628742514
13.506205332885797, 0.0037423153692614773
13.892096913825391, 0.003852295409181637
14.277988494764985, 0.003954890219560878
14.66388007570458, 0.004057285429141717
15.049771656644173, 0.004165269461077844
15.435663237583768, 0.004275049900199601
15.821554818523362, 0.00438502994011976
16.207446399462956, 0.004492614770459082
16.593337980402552, 0.004597005988023952
16.979229561342144, 0.004701796407185628
17.365121142281737, 0.004810778443113772
17.751012723221333, 0.004917165668662675
18.13690430416093, 0.005031536926147704
18.52279588510052, 0.005140119760479042
18.908687466040114, 0.005245109780439122
19.29457904697971, 0.005351097804391218
19.680470627919306, 0.005463273453093813
20.066362208858898, 0.005572455089820359
20.45225378979849, 0.005680239520958084
20.838145370738086, 0.005796007984031936
21.224036951677682, 0.00590439121756487
21.609928532617275, 0.0060115768463073855
21.995820113556867, 0.006121556886227545
22.381711694496463, 0.0062191616766467065
22.76760327543606, 0.006330139720558882
23.15349485637565, 0.006431536926147704
23.539386437315244, 0.006540518962075848
23.92527801825484, 0.006641516966067865
24.311169599194436, 0.006740119760479042
24.69706118013403, 0.006830738522954092
25.08295276107362, 0.006916167664670659
25.468844342013217, 0.006975848303393214
25.854735922952813, 0.0070435129740518965
26.240627503892405, 0.007095409181636727
26.626519084831997, 0.007140918163672655
27.012410665771593, 0.00716686626746507
27.39830224671119, 0.00719500998003992
27.784193827650782, 0.007213572854291417
28.170085408590374, 0.007218363273453094
28.55597698952997, 0.007226347305389222
28.941868570469566, 0.0072173652694610775
29.32776015140916, 0.007211976047904192
29.71365173234875, 0.007216167664670659
30.099543313288347, 0.007221956087824351
30.485434894227943, 0.00721936127744511
30.871326475167535, 0.007226746506986028
31.257218056107128, 0.007235728542914171
31.643109637046724, 0.007240918163672655
32.02900121798632, 0.0072550898203592815
32.41489279892591, 0.007260878243512974
32.800784379865505, 0.007258283433133733
33.186675960805104, 0.007256087824351298
33.5725675417447, 0.00724750499001996
33.95845912268429, 0.007258483033932135
34.34435070362388, 0.007261676646706587
34.730242284563474, 0.007254291417165669
35.11613386550307, 0.0072646706586826345
35.502025446442666, 0.007265069860279441
35.88791702738226, 0.007271057884231537
36.27380860832186, 0.007269261477045908
36.65970018926145, 0.007272255489021956
37.04559177020104, 0.007272055888223553
37.431483351140635, 0.007274251497005988
37.81737493208023, 0.00725249500998004
38.20326651301983, 0.0072463073852295405
