0.0, 0.0
0.22503383240474178, 0.0002559105431309904
0.45006766480948357, 0.00046996805111821087
0.6751014972142253, 0.000692332268370607
0.9001353296189671, 0.0009137380191693291
1.125169162023709, 0.0011194888178913738
1.3502029944284506, 0.0013389776357827475
1.5752368268331924, 0.0015626198083067092
1.8002706592379343, 0.0017776357827476038
2.025304491642676, 0.0019945686900958467
2.250338324047418, 0.0022159744408945686
2.47537215645216, 0.0024431309904153356
2.700405988856901, 0.0026578274760383387
2.925439821261643, 0.002882747603833866
3.150473653666385, 0.003095846645367412
3.3755074860711267, 0.0033073482428115017
3.6005413184758686, 0.00354185303514377
3.8255751508806104, 0.0037523961661341853
4.050608983285352, 0.0039619808306709265
4.275642815690094, 0.004184025559105431
4.500676648094836, 0.004402875399361022
4.725710480499577, 0.0046118210862619805
4.95074431290432, 0.004830031948881789
5.175778145309061, 0.0050456869009584664
5.400811977713802, 0.0052591054313099045
5.625845810118545, 0.005477955271565495
5.850879642523286, 0.005707667731629393
6.075913474928028, 0.0059185303514377
6.30094730733277, 0.006133546325878594
6.525981139737512, 0.006355591054313099
6.751014972142253, 0.006576038338658147
6.976048804546996, 0.006790415335463259
7.201082636951737, 0.007010543130990416
7.4261164693564785, 0.007238019169329073
7.651150301761221, 0.007447923322683706
7.876184134165962, 0.007655591054313099
8.101217966570704, 0.007879552715654952
8.326251798975447, 0.008095527156549522
8.551285631380187, 0.00831884984025559
8.77631946378493, 0.00854408945686901
9.001353296189672, 0.00876773162939297
9.226387128594412, 0.008993929712460064
9.451420960999155, 0.009208945686900958
9.676454793403897, 0.009429712460063898
9.90148862580864, 0.00964153354632588
10.12652245821338, 0.009863258785942491
10.351556290618122, 0.010072523961661342
10.576590123022864, 0.010304792332268371
10.801623955427605, 0.010520447284345048
11.026657787832347, 0.010743450479233228
11.25169162023709, 0.01095591054313099
11.476725452641832, 0.011163578274760383
11.701759285046572, 0.01139297124600639
11.926793117451314, 0.011603194888178913
12.151826949856057, 0.011823961661341854
12.376860782260799, 0.01205111821086262
12.60189461466554, 0.012264536741214058
12.826928447070282, 0.012464536741214057
13.051962279475024, 0.012694249201277956
13.276996111879765, 0.012908306709265176
13.502029944284507, 0.013116932907348243
13.72706377668925, 0.013310223642172525
13.952097609093991, 0.013513099041533546
14.177131441498732, 0.01369552715654952
14.402165273903474, 0.013862300319488818
14.627199106308217, 0.014006389776357828
14.852232938712957, 0.014152396166134186
15.0772667711177, 0.014279552715654953
15.302300603522442, 0.01438370607028754
15.527334435927184, 0.014465175718849841
15.752368268331924, 0.014539297124600638
15.977402100736667, 0.014587859424920128
16.20243593314141, 0.01465367412140575
16.42746976554615, 0.014691693290734824
16.652503597950894, 0.014742811501597444
16.877537430355634, 0.014777955271565495
17.102571262760375, 0.014798402555910544
17.32760509516512, 0.014833865814696486
17.55263892756986, 0.014859424920127795
17.7776727599746, 0.0148814696485623
18.002706592379344, 0.014897763578274761
18.227740424784084, 0.014919808306709265
18.452774257188825, 0.014915654952076677
18.67780808959357, 0.014929712460063898
18.90284192199831, 0.01496517571884984
19.127875754403053, 0.014968051118210863
19.352909586807794, 0.014983386581469648
19.577943419212534, 0.014989137380191694
19.80297725161728, 0.014969329073482428
20.02801108402202, 0.014950798722044729
20.25304491642676, 0.014975399361022363
20.478078748831503, 0.01496549520766773
20.703112581236244, 0.014959105431309905
20.928146413640984, 0.014954632587859425
21.15318024604573, 0.014959424920127796
21.37821407845047, 0.014952076677316293
21.60324791085521, 0.014958466453674121
21.828281743259954, 0.014941214057507987
22.053315575664694, 0.014942811501597444
22.278349408069438, 0.01493258785942492
