0.0, 0.0
0.2067398456873937, 0.00011404109589041096
0.4134796913747874, 0.00021472602739726029
0.6202195370621811, 0.0003246575342465753
0.8269593827495748, 0.0004297945205479452
1.0336992284369686, 0.0005407534246575342
1.2404390741243623, 0.0006417808219178082
1.447178919811756, 0.0007417808219178083
1.6539187654991496, 0.0008469178082191781
1.8606586111865433, 0.000951027397260274
2.067398456873937, 0.0010517123287671233
2.274138302561331, 0.0011513698630136987
2.4808781482487245, 0.001261986301369863
2.687617993936118, 0.0013678082191780822
2.894357839623512, 0.0014688356164383562
3.1010976853109056, 0.001577054794520548
3.3078375309982992, 0.001679794520547945
3.514577376685693, 0.001796917808219178
3.7213172223730866, 0.0019030821917808219
3.9280570680604803, 0.0020006849315068495
4.134796913747874, 0.00211027397260274
4.341536759435268, 0.0022205479452054797
4.548276605122662, 0.002322945205479452
4.755016450810055, 0.002422945205479452
4.961756296497449, 0.002533904109589041
5.168496142184843, 0.002642123287671233
5.375235987872236, 0.002740068493150685
5.58197583355963, 0.0028469178082191782
5.788715679247024, 0.00296027397260274
5.9954555249344175, 0.003066095890410959
6.202195370621811, 0.00316986301369863
6.408935216309205, 0.003274657534246575
6.6156750619965985, 0.003386986301369863
6.822414907683992, 0.003494178082191781
7.029154753371386, 0.003591095890410959
7.2358945990587795, 0.0036893835616438357
7.442634444746173, 0.0037883561643835616
7.649374290433567, 0.00390513698630137
7.8561141361209605, 0.004007534246575343
8.062853981808354, 0.004107191780821918
8.269593827495749, 0.004212671232876712
8.476333673183142, 0.004309246575342466
8.683073518870536, 0.004423287671232877
8.889813364557929, 0.0045232876712328765
9.096553210245323, 0.004626027397260274
9.303293055932716, 0.004730479452054795
9.51003290162011, 0.004837671232876713
9.716772747307504, 0.004951712328767123
9.923512592994898, 0.005051712328767124
10.130252438682291, 0.005146917808219178
10.336992284369686, 0.0052493150684931504
10.543732130057078, 0.005359246575342466
10.750471975744473, 0.0054589041095890415
10.957211821431866, 0.005559931506849315
11.16395166711926, 0.005657876712328767
11.370691512806653, 0.005765068493150685
11.577431358494048, 0.005871575342465753
11.78417120418144, 0.005972945205479452
11.990911049868835, 0.006082191780821918
12.197650895556228, 0.00618013698630137
12.404390741243622, 0.006272602739726027
12.611130586931015, 0.006361986301369863
12.81787043261841, 0.006450684931506849
13.024610278305802, 0.00653972602739726
13.231350123993197, 0.006618493150684931
13.438089969680592, 0.006700684931506849
13.644829815367984, 0.0067589041095890414
13.851569661055379, 0.00681027397260274
14.058309506742772, 0.006864041095890411
14.265049352430166, 0.006911986301369863
14.471789198117559, 0.006946917808219178
14.678529043804954, 0.006983904109589041
14.885268889492346, 0.007008904109589041
15.092008735179741, 0.007018493150684931
15.298748580867134, 0.007031506849315069
15.505488426554528, 0.007032876712328767
15.712228272241921, 0.007043493150684931
15.918968117929316, 0.007067123287671233
16.12570796361671, 0.007080821917808219
16.332447809304103, 0.007091095890410959
16.539187654991498, 0.007102054794520548
16.74592750067889, 0.007112328767123288
16.952667346366283, 0.007117465753424658
17.159407192053678, 0.007110616438356164
17.366147037741072, 0.007098287671232877
17.572886883428463, 0.0071013698630136984
17.779626729115858, 0.007111643835616438
17.986366574803252, 0.007121917808219178
18.193106420490647, 0.007108904109589041
18.399846266178038, 0.007111643835616438
18.606586111865433, 0.0071188356164383565
18.813325957552827, 0.007117465753424658
19.02006580324022, 0.007122602739726027
19.226805648927613, 0.007127739726027397
19.433545494615007, 0.007133904109589041
19.640285340302402, 0.007135616438356165
19.847025185989796, 0.0071417808219178085
20.05376503167719, 0.007148630136986301
20.260504877364582, 0.007146917808219178
20.467244723051977, 0.007135958904109589
