0.0, 0.0
0.25340897732804185, 4.339080459770115e-05
0.5068179546560837, 8.189655172413794e-05
0.7602269319841255, 0.00011925287356321839
1.0136359093121674, 0.00015229885057471264
1.2670448866402093, 0.00018764367816091954
1.520453863968251, 0.00022643678160919541
1.773862841296293, 0.0002640804597701149
2.027271818624335, 0.00030488505747126437
2.2806807959523767, 0.000342816091954023
2.5340897732804186, 0.0003810344827586207
2.7874987506084605, 0.00042528735632183906
3.040907727936502, 0.0004623563218390805
3.294316705264544, 0.0005040229885057471
3.547725682592586, 0.0005448275862068965
3.8011346599206277, 0.0005844827586206897
4.05454363724867, 0.0006270114942528736
4.3079526145767115, 0.000668103448275862
4.561361591904753, 0.0007077586206896551
4.814770569232795, 0.0007451149425287357
5.068179546560837, 0.0007810344827586207
5.321588523888879, 0.0008195402298850575
5.574997501216921, 0.0008603448275862069
5.828406478544963, 0.0008985632183908046
6.081815455873004, 0.0009376436781609195
6.335224433201046, 0.0009718390804597701
6.588633410529088, 0.001007183908045977
6.84204238785713, 0.0010454022988505747
7.095451365185172, 0.0010847701149425287
7.3488603425132135, 0.0011232758620689654
7.602269319841255, 0.0011658045977011495
7.855678297169297, 0.00120316091954023
8.10908727449734, 0.0012385057471264369
8.36249625182538, 0.0012787356321839081
8.615905229153423, 0.0013183908045977012
8.869314206481464, 0.0013623563218390805
9.122723183809507, 0.0013994252873563218
9.376132161137548, 0.0014316091954022989
9.62954113846559, 0.0014666666666666667
9.882950115793632, 0.001510632183908046
10.136359093121674, 0.0015454022988505747
10.389768070449716, 0.0015836206896551724
10.643177047777758, 0.0016175287356321839
10.8965860251058, 0.0016632183908045976
11.149995002433842, 0.0017063218390804599
11.403403979761883, 0.0017451149425287357
11.656812957089926, 0.0017867816091954023
11.910221934417967, 0.0018301724137931034
12.163630911746008, 0.0018672413793103448
12.41703988907405, 0.001910632183908046
12.670448866402092, 0.00195
12.923857843730135, 0.0019908045977011495
13.177266821058176, 0.002032471264367816
13.430675798386218, 0.002068103448275862
13.68408477571426, 0.0021066091954022987
13.937493753042302, 0.0021442528735632184
14.190902730370343, 0.002179885057471264
14.444311707698386, 0.002217241379310345
14.697720685026427, 0.002260344827586207
14.95112966235447, 0.0022985632183908046
15.20453863968251, 0.002334770114942529
15.457947617010554, 0.002371551724137931
15.711356594338595, 0.0024091954022988507
15.964765571666637, 0.0024456896551724137
16.21817454899468, 0.0024669540229885056
16.47158352632272, 0.0024916666666666668
16.72499250365076, 0.0025160919540229885
16.978401480978803, 0.002539367816091954
17.231810458306846, 0.0025514367816091956
17.48521943563489, 0.002566954022988506
17.738628412962928, 0.0025772988505747127
17.99203739029097, 0.0025913793103448275
18.245446367619014, 0.0025959770114942528
18.498855344947057, 0.002603448275862069
18.752264322275096, 0.002611206896551724
19.00567329960314, 0.0026132183908045975
19.25908227693118, 0.002614942528735632
19.512491254259224, 0.0026097701149425286
19.765900231587263, 0.0026048850574712642
20.019309208915306, 0.0025994252873563217
20.27271818624335, 0.0026051724137931033
20.526127163571388, 0.0025939655172413792
20.77953614089943, 0.0025844827586206896
21.032945118227474, 0.0025841954022988506
21.286354095555517, 0.002582471264367816
21.539763072883556, 0.002586206896551724
21.7931720502116, 0.0025801724137931034
22.04658102753964, 0.0025836206896551724
22.299990004867684, 0.0025879310344827586
22.553398982195723, 0.002582471264367816
22.806807959523766, 0.002581609195402299
23.06021693685181, 0.002579022988505747
23.313625914179852, 0.0025807471264367816
23.56703489150789, 0.0025876436781609195
23.820443868835934, 0.0025804597701149425
24.073852846163977, 0.0025798850574712644
24.327261823492016, 0.0025870689655172413
24.58067080082006, 0.0025847701149425287
24.8340797781481, 0.002582471264367816
25.087488755476144, 0.0025810344827586207
25.340897732804184, 0.002590229885057471
