0.0, 0.0
0.13626677734711326, 0.00010899470899470899
0.2725335546942265, 0.00021375661375661376
0.4088003320413398, 0.0003105820105820106
0.545067109388453, 0.0004222222222222222
0.6813338867355663, 0.0005222222222222222
0.8176006640826796, 0.0006243386243386243
0.9538674414297929, 0.0007243386243386244
1.090134218776906, 0.0008164021164021164
1.2264009961240194, 0.0009121693121693122
1.3626677734711325, 0.0010095238095238095
1.498934550818246, 0.00111005291005291
1.6352013281653592, 0.0012026455026455027
1.7714681055124724, 0.0013015873015873017
1.9077348828595857, 0.0014037037037037037
2.044001660206699, 0.0015132275132275132
2.180268437553812, 0.0016026455026455027
2.3165352149009255, 0.001707936507936508
2.452801992248039, 0.001791005291005291
2.5890687695951518, 0.0018772486772486773
2.725335546942265, 0.00197037037037037
2.8616023242893784, 0.0020666666666666667
2.997869101636492, 0.0021671957671957672
3.134135878983605, 0.002265079365079365
3.2704026563307185, 0.0023735449735449734
3.4066694336778314, 0.0024714285714285715
3.5429362110249447, 0.0025507936507936507
3.679202988372058, 0.0026634920634920635
3.8154697657191714, 0.002750793650793651
3.9517365430662847, 0.002847089947089947
4.088003320413398, 0.0029439153439153438
4.224270097760511, 0.003035978835978836
4.360536875107624, 0.0031354497354497356
4.496803652454737, 0.003230687830687831
4.633070429801851, 0.003323809523809524
4.769337207148964, 0.00342010582010582
4.905603984496078, 0.0035105820105820105
5.041870761843191, 0.003612698412698413
5.1781375391903035, 0.003706878306878307
5.314404316537417, 0.003802116402116402
5.45067109388453, 0.003898941798941799
5.586937871231644, 0.004000529100529101
5.723204648578757, 0.004083068783068783
5.85947142592587, 0.004175661375661376
5.995738203272984, 0.00427989417989418
6.1320049806200965, 0.004380952380952381
6.26827175796721, 0.0044746031746031745
6.404538535314323, 0.0045656084656084655
6.540805312661437, 0.0046677248677248675
6.67707209000855, 0.004767724867724868
6.813338867355663, 0.004870899470899471
6.9496056447027765, 0.004967195767195768
7.085872422049889, 0.005057142857142857
7.222139199397003, 0.005162433862433862
7.358405976744116, 0.005269312169312169
7.494672754091229, 0.0053661375661375665
7.630939531438343, 0.005461375661375662
7.767206308785456, 0.005566137566137566
7.9034730861325695, 0.005655026455026455
8.039739863479682, 0.00575978835978836
8.176006640826795, 0.005844973544973545
8.312273418173909, 0.0059291005291005295
8.448540195521023, 0.006006878306878307
8.584806972868135, 0.006097883597883598
8.721073750215249, 0.006171428571428572
8.857340527562362, 0.00622010582010582
8.993607304909474, 0.006292592592592593
9.129874082256588, 0.006329100529100529
9.266140859603702, 0.006371428571428571
9.402407636950816, 0.006404761904761904
9.538674414297928, 0.006426984126984127
9.674941191645042, 0.006477248677248677
9.811207968992155, 0.006487830687830688
9.947474746339267, 0.006494708994708995
10.083741523686381, 0.006516402116402116
10.220008301033495, 0.00653015873015873
10.356275078380607, 0.006529100529100529
10.49254185572772, 0.006540740740740741
10.628808633074835, 0.0065465608465608465
10.765075410421948, 0.006555555555555556
10.90134218776906, 0.0065529100529100525
11.037608965116174, 0.006565079365079365
11.173875742463288, 0.006552380952380953
11.3101425198104, 0.006566137566137566
11.446409297157514, 0.0065751322751322755
11.582676074504628, 0.006571428571428572
11.71894285185174, 0.006574074074074074
11.855209629198853, 0.006582539682539683
11.991476406545967, 0.006588359788359788
12.127743183893081, 0.0065783068783068785
12.264009961240193, 0.006577777777777778
12.400276738587307, 0.006582010582010582
12.53654351593442, 0.006597883597883598
12.672810293281533, 0.006601587301587302
12.809077070628646, 0.006594708994708994
12.94534384797576, 0.006595238095238095
13.081610625322874, 0.006597883597883598
13.217877402669986, 0.006603174603174603
13.3541441800171, 0.006611111111111111
13.490410957364213, 0.006605820105820106
13.626677734711325, 0.006606878306878307
