0.0, 0.0
0.09030523521181619, 8.75968992248062e-05
0.18061047042363237, 0.00014651162790697673
0.27091570563544853, 0.0002124031007751938
0.36122094084726475, 0.00027209302325581394
0.45152617605908096, 0.0003496124031007752
0.5418314112708971, 0.0004124031007751938
0.6321366464827133, 0.00048682170542635656
0.7224418816945295, 0.0005697674418604651
0.8127471169063457, 0.0006395348837209302
0.9030523521181619, 0.0006968992248062015
0.993357587329978, 0.0007674418604651163
1.0836628225417941, 0.0008333333333333334
1.1739680577536105, 0.0008961240310077519
1.2642732929654266, 0.0009651162790697674
1.354578528177243, 0.0010364341085271319
1.444883763389059, 0.0011
1.535188998600875, 0.0011666666666666668
1.6254942338126914, 0.0012294573643410853
1.7157994690245075, 0.001286046511627907
1.8061047042363239, 0.0013534883720930232
1.89640993944814, 0.0014395348837209303
1.986715174659956, 0.0015054263565891473
2.077020409871772, 0.0015790697674418605
2.1673256450835883, 0.0016503875968992248
2.257630880295405, 0.0017325581395348838
2.347936115507221, 0.0018031007751937984
2.438241350719037, 0.0018728682170542636
2.528546585930853, 0.001937984496124031
2.6188518211426692, 0.0019945736434108527
2.709157056354486, 0.002065891472868217
2.799462291566302, 0.0021395348837209304
2.889767526778118, 0.0022023255813953487
2.980072761989934, 0.002253488372093023
3.07037799720175, 0.0023170542635658916
3.1606832324135667, 0.0023829457364341086
3.250988467625383, 0.0024596899224806202
3.341293702837199, 0.00254031007751938
3.431598938049015, 0.002606201550387597
3.521904173260831, 0.002678294573643411
3.6122094084726477, 0.0027410852713178296
3.702514643684464, 0.002813953488372093
3.79281987889628, 0.002878294573643411
3.883125114108096, 0.002948062015503876
3.973430349319912, 0.003026356589147287
4.063735584531728, 0.003105426356589147
4.154040819743544, 0.003183720930232558
4.24434605495536, 0.003253488372093023
4.3346512901671765, 0.003330232558139535
4.4249565253789935, 0.003402325581395349
4.51526176059081, 0.003475968992248062
4.605566995802626, 0.003546511627906977
4.695872231014442, 0.0036131782945736436
4.786177466226258, 0.0036728682170542636
4.876482701438074, 0.003744186046511628
4.96678793664989, 0.0037968992248062017
5.057093171861706, 0.0038604651162790697
5.147398407073522, 0.0039193798449612405
5.2377036422853385, 0.0039891472868217055
5.3280088774971555, 0.0040472868217054266
5.418314112708972, 0.0041124031007751935
5.508619347920788, 0.004165116279069767
5.598924583132604, 0.004226356589147287
5.68922981834442, 0.004284496124031008
5.779535053556236, 0.004327131782945737
5.869840288768052, 0.0043596899224806205
5.960145523979868, 0.004408527131782945
6.050450759191684, 0.00444031007751938
6.1407559944035, 0.004468992248062015
6.2310612296153165, 0.004505426356589147
6.3213664648271335, 0.0045201550387596896
6.41167170003895, 0.004529457364341086
6.501976935250766, 0.0045403100775193795
6.592282170462582, 0.004551937984496124
6.682587405674398, 0.0045534883720930236
6.772892640886214, 0.004562015503875969
6.86319787609803, 0.004567441860465116
6.953503111309846, 0.004580620155038759
7.043808346521662, 0.004586821705426357
7.134113581733478, 0.004586821705426357
7.224418816945295, 0.004595348837209303
7.3147240521571115, 0.004583720930232558
7.405029287368928, 0.004594573643410853
7.495334522580744, 0.0046062015503875965
7.58563975779256, 0.004610077519379845
7.675944993004376, 0.004621705426356589
7.766250228216192, 0.004617054263565891
7.856555463428008, 0.0046108527131782946
7.946860698639824, 0.004637209302325581
8.037165933851641, 0.0046395348837209305
8.127471169063456, 0.004624031007751938
8.217776404275273, 0.00462015503875969
8.308081639487089, 0.004622480620155038
8.398386874698906, 0.004625581395348837
8.48869210991072, 0.004627906976744186
8.578997345122538, 0.004655038759689922
8.669302580334353, 0.004652713178294574
8.75960781554617, 0.004641860465116279
8.849913050757987, 0.0046271317829457365
8.940218285969802, 0.004621705426356589
