0.0, 0.0
0.09139292014563277, 0.000115
0.18278584029126554, 0.00023416666666666668
0.2741787604368983, 0.00031916666666666665
0.3655716805825311, 0.0004375
0.45696460072816386, 0.0005225
0.5483575208737966, 0.00063
0.6397504410194295, 0.000735
0.7311433611650622, 0.0008225
0.8225362813106949, 0.0009241666666666667
0.9139292014563277, 0.0010475
1.0053221216019605, 0.001155
1.0967150417475933, 0.0012491666666666667
1.188107961893226, 0.0013566666666666666
1.279500882038859, 0.0014491666666666667
1.3708938021844916, 0.0015641666666666666
1.4622867223301244, 0.0016675
1.553679642475757, 0.0017591666666666667
1.6450725626213898, 0.0018633333333333334
1.7364654827670227, 0.00194
1.8278584029126554, 0.0020408333333333333
1.9192513230582882, 0.00213
2.010644243203921, 0.002225833333333333
2.1020371633495536, 0.0023283333333333333
2.1934300834951865, 0.0024333333333333334
2.2848230036408195, 0.002535
2.376215923786452, 0.0026433333333333335
2.467608843932085, 0.0027391666666666667
2.559001764077718, 0.0028391666666666665
2.6503946842233503, 0.0029275
2.7417876043689833, 0.0030316666666666665
2.8331805245146158, 0.0031358333333333334
2.9245734446602487, 0.0032216666666666665
3.0159663648058816, 0.003330833333333333
3.107359284951514, 0.0034258333333333332
3.198752205097147, 0.00352
3.2901451252427796, 0.0036175
3.3815380453884125, 0.0037283333333333335
3.4729309655340455, 0.0038166666666666666
3.564323885679678, 0.00393
3.655716805825311, 0.004023333333333334
3.747109725970944, 0.004130833333333334
3.8385026461165763, 0.004235
3.9298955662622093, 0.004338333333333333
4.021288486407842, 0.004441666666666667
4.112681406553475, 0.004548333333333333
4.204074326699107, 0.004644166666666666
4.295467246844741, 0.004759166666666667
4.386860166990373, 0.004861666666666667
4.478253087136006, 0.004966666666666667
4.569646007281639, 0.00505
4.661038927427271, 0.00515
4.752431847572904, 0.005225
4.843824767718537, 0.005333333333333333
4.93521768786417, 0.005435
5.026610608009802, 0.005549166666666667
5.118003528155436, 0.00566
5.209396448301068, 0.005753333333333333
5.300789368446701, 0.005845833333333333
5.392182288592333, 0.005923333333333333
5.4835752087379666, 0.00601
5.574968128883599, 0.006095833333333333
5.6663610490292315, 0.00616
5.757753969174865, 0.0062225
5.849146889320497, 0.006285
5.94053980946613, 0.0063525
6.031932729611763, 0.006385833333333334
6.123325649757396, 0.006435
6.214718569903028, 0.006495
6.306111490048662, 0.006535
6.397504410194294, 0.006550833333333333
6.488897330339927, 0.006593333333333333
6.580290250485559, 0.006629166666666667
6.6716831706311925, 0.00664
6.763076090776825, 0.0066858333333333336
6.8544690109224575, 0.006686666666666666
6.945861931068091, 0.0066875
7.037254851213723, 0.0067025
7.128647771359356, 0.0066925
7.220040691504989, 0.006710833333333333
7.311433611650622, 0.006720833333333333
7.402826531796254, 0.0067325
7.494219451941888, 0.0067241666666666665
7.58561237208752, 0.006739166666666667
7.677005292233153, 0.0067375
7.768398212378786, 0.006733333333333333
7.8597911325244185, 0.006725
7.951184052670051, 0.006719166666666667
8.042576972815684, 0.0067225
8.133969892961316, 0.006715
8.22536281310695, 0.006745
8.316755733252583, 0.00675
8.408148653398214, 0.0067508333333333335
8.499541573543848, 0.006784166666666667
8.590934493689481, 0.006761666666666667
8.682327413835113, 0.006740833333333333
8.773720333980746, 0.0067308333333333335
8.86511325412638, 0.006729166666666666
8.956506174272011, 0.006738333333333333
9.047899094417645, 0.0067275
9.139292014563278, 0.006715
