0.0, 0.0
0.07238020987397904, 9.166666666666667e-05
0.14476041974795809, 0.00015833333333333332
0.21714062962193714, 0.000225
0.28952083949591617, 0.0002989583333333333
0.3619010493698952, 0.0003729166666666667
0.4342812592438743, 0.00046145833333333336
0.5066614691178533, 0.0005364583333333333
0.5790416789918323, 0.000609375
0.6514218888658114, 0.0006958333333333334
0.7238020987397904, 0.0007583333333333333
0.7961823086137695, 0.0008479166666666666
0.8685625184877486, 0.0009135416666666667
0.9409427283617275, 0.000975
1.0133229382357065, 0.0010541666666666666
1.0857031481096857, 0.001128125
1.1580833579836647, 0.0012
1.2304635678576437, 0.0012677083333333334
1.3028437777316229, 0.0013416666666666666
1.3752239876056018, 0.0014166666666666668
1.4476041974795808, 0.001475
1.51998440735356, 0.0015604166666666668
1.592364617227539, 0.0016270833333333332
1.664744827101518, 0.0017010416666666667
1.7371250369754971, 0.00179375
1.8095052468494761, 0.0018677083333333334
1.881885456723455, 0.0019510416666666667
1.954265666597434, 0.00203125
2.026645876471413, 0.00210625
2.0990260863453925, 0.002196875
2.1714062962193714, 0.00228125
2.2437865060933504, 0.0023479166666666666
2.3161667159673294, 0.0024208333333333334
2.3885469258413083, 0.0024916666666666668
2.4609271357152873, 0.0025677083333333333
2.5333073455892663, 0.002639583333333333
2.6056875554632457, 0.0027333333333333333
2.6780677653372247, 0.0028083333333333333
2.7504479752112037, 0.0028854166666666668
2.8228281850851826, 0.0029677083333333335
2.8952083949591616, 0.0030322916666666666
2.9675886048331406, 0.0031166666666666665
3.03996881470712, 0.0032020833333333333
3.112349024581099, 0.00326875
3.184729234455078, 0.003346875
3.257109444329057, 0.003425
3.329489654203036, 0.0035
3.401869864077015, 0.00358125
3.4742500739509943, 0.003653125
3.5466302838249733, 0.0037375
3.6190104936989522, 0.0038135416666666665
3.691390703572931, 0.0038947916666666666
3.76377091344691, 0.00395625
3.836151123320889, 0.004033333333333333
3.908531333194868, 0.004098958333333333
3.9809115430688475, 0.0041645833333333335
4.053291752942826, 0.004233333333333334
4.1256719628168055, 0.004310416666666666
4.198052172690785, 0.004386458333333333
4.270432382564763, 0.004441666666666667
4.342812592438743, 0.004503125
4.415192802312721, 0.004553125
4.487573012186701, 0.004603125
4.559953222060679, 0.004648958333333333
4.632333431934659, 0.004697916666666667
4.704713641808638, 0.004754166666666667
4.777093851682617, 0.004798958333333333
4.849474061556596, 0.004846875
4.921854271430575, 0.0048875
4.994234481304554, 0.004910416666666667
5.066614691178533, 0.004934375
5.138994901052512, 0.0049479166666666664
5.211375110926491, 0.004977083333333333
5.28375532080047, 0.004980208333333333
5.356135530674449, 0.004995833333333333
5.428515740548428, 0.005033333333333333
5.500895950422407, 0.005067708333333333
5.573276160296387, 0.0050729166666666665
5.645656370170365, 0.005091666666666667
5.718036580044345, 0.005108333333333334
5.790416789918323, 0.005121875
5.862796999792303, 0.005114583333333333
5.935177209666281, 0.0051333333333333335
6.007557419540261, 0.005122916666666666
6.07993762941424, 0.005116666666666667
6.1523178392882185, 0.005105208333333333
6.224698049162198, 0.005103125
6.2970782590361765, 0.005110416666666667
6.369458468910156, 0.005111458333333333
6.441838678784134, 0.005116666666666667
6.514218888658114, 0.0051125
6.586599098532093, 0.005125
6.658979308406072, 0.005121875
6.731359518280051, 0.00513125
6.80373972815403, 0.005134375
6.876119938028009, 0.005126041666666667
6.9485001479019886, 0.0051333333333333335
7.020880357775967, 0.005135416666666667
7.0932605676499465, 0.005135416666666667
7.165640777523925, 0.005126041666666667
