0.0, 0.0
0.5444322131597508, 9.598445595854922e-05
1.0888644263195015, 0.0001800518134715026
1.6332966394792523, 0.00027292746113989635
2.177728852639003, 0.00036826424870466324
2.722161065798754, 0.00045816062176165805
3.2665932789585046, 0.0005540155440414508
3.8110254921182554, 0.0006488341968911918
4.355457705278006, 0.0007430051813471502
4.899889918437757, 0.0008387305699481865
5.444322131597508, 0.0009305699481865285
5.988754344757258, 0.0010199481865284974
6.533186557917009, 0.0011099740932642487
7.07761877107676, 0.0011959844559585493
7.622050984236511, 0.001286917098445596
8.16648319739626, 0.0013817357512953367
8.710915410556012, 0.001469300518134715
9.255347623715764, 0.0015648963730569949
9.799779836875514, 0.0016566062176165803
10.344212050035264, 0.001744818652849741
10.888644263195015, 0.001838860103626943
11.433076476354767, 0.0019294041450777203
11.977508689514517, 0.002023316062176166
12.521940902674267, 0.002114896373056995
13.066373115834018, 0.0022014248704663214
13.61080532899377, 0.002294041450777202
14.15523754215352, 0.0023851036269430053
14.69966975531327, 0.00248199481865285
15.244101968473021, 0.0025748704663212437
15.788534181632773, 0.002667875647668394
16.33296639479252, 0.0027555699481865287
16.877398607952273, 0.0028439119170984455
17.421830821112025, 0.0029332901554404143
17.966263034271776, 0.003024222797927461
18.510695247431528, 0.0031113989637305698
19.055127460591276, 0.003196243523316062
19.599559673751028, 0.0032876943005181345
20.14399188691078, 0.0033773316062176164
20.688424100070527, 0.0034685233160621763
21.23285631323028, 0.0035612694300518133
21.77728852639003, 0.003650259067357513
22.321720739549782, 0.0037417098445595856
22.866152952709534, 0.0038325129533678757
23.410585165869282, 0.003926943005181347
23.955017379029034, 0.004013212435233161
24.499449592188785, 0.004108419689119171
25.043881805348533, 0.004197409326424871
25.588314018508285, 0.00428860103626943
26.132746231668037, 0.004374870466321243
26.67717844482779, 0.004465025906735752
27.22161065798754, 0.004549870466321244
27.766042871147288, 0.0046452072538860105
28.31047508430704, 0.004740544041450777
28.85490729746679, 0.0048358808290155444
29.39933951062654, 0.0049292746113989636
29.94377172378629, 0.005019430051813471
30.488203936946043, 0.0051147668393782385
31.032636150105795, 0.005205829015544041
31.577068363265546, 0.005296502590673575
32.1215005764253, 0.005390284974093264
32.66593278958504, 0.005482901554404145
33.210365002744794, 0.005573186528497409
33.754797215904546, 0.005661269430051814
34.2992294290643, 0.00575038860103627
34.84366164222405, 0.005834326424870466
35.3880938553838, 0.005899352331606217
35.93252606854355, 0.005967227979274611
36.476958281703304, 0.006020854922279792
37.021390494863056, 0.006062305699481865
37.5658227080228, 0.006092357512953368
38.11025492118255, 0.006109844559585492
38.6546871343423, 0.006121113989637305
39.199119347502055, 0.006130699481865285
39.74355156066181, 0.006137564766839378
40.28798377382156, 0.00614559585492228
40.83241598698131, 0.006140414507772021
41.376848200141055, 0.00614520725388601
41.921280413300806, 0.006149352331606218
42.46571262646056, 0.006158160621761658
43.01014483962031, 0.006156735751295337
43.55457705278006, 0.006160621761658031
44.09900926593981, 0.006167616580310881
44.643441479099565, 0.006174740932642487
45.187873692259316, 0.006175647668393782
45.73230590541907, 0.006182901554404145
46.27673811857881, 0.006188471502590673
46.821170331738564, 0.006180699481865285
47.365602544898316, 0.006191450777202073
47.91003475805807, 0.0061860103626943
48.45446697121782, 0.006187176165803109
48.99889918437757, 0.006180181347150259
49.54333139753732, 0.006177720207253886
50.08776361069707, 0.006177331606217616
50.63219582385682, 0.006180958549222798
51.17662803701657, 0.006190932642487047
51.72106025017632, 0.0061860103626943
52.265492463336074, 0.006191191709844559
52.809924676495825, 0.006189248704663213
53.35435688965558, 0.006196502590673575
53.89878910281533, 0.006195207253886011
