0.0, 0.0
0.4435874118448704, 8.415492957746479e-05
0.8871748236897408, 0.00016285211267605634
1.3307622355346111, 0.00024154929577464788
1.7743496473794815, 0.00031795774647887324
2.2179370592243517, 0.00040088028169014083
2.6615244710692223, 0.0004836267605633803
3.105111882914093, 0.0005690140845070423
3.548699294758963, 0.0006533450704225353
3.9922867066038332, 0.0007309859154929578
4.435874118448703, 0.0008125
4.879461530293574, 0.0008919014084507042
5.323048942138445, 0.0009725352112676056
5.766636353983315, 0.0010561619718309858
6.210223765828186, 0.0011411971830985915
6.653811177673056, 0.0012241197183098592
7.097398589517926, 0.0013008802816901407
7.540986001362796, 0.0013820422535211268
7.9845734132076664, 0.0014667253521126761
8.428160825052537, 0.001547887323943662
8.871748236897407, 0.001632218309859155
9.315335648742279, 0.0017102112676056337
9.758923060587149, 0.001784507042253521
10.202510472432019, 0.0018637323943661971
10.64609788427689, 0.0019429577464788732
11.08968529612176, 0.00203556338028169
11.53327270796663, 0.0021195422535211267
11.9768601198115, 0.0021933098591549295
12.420447531656372, 0.002274647887323944
12.864034943501242, 0.0023588028169014086
13.307622355346112, 0.002436619718309859
13.751209767190982, 0.0025232394366197183
14.194797179035852, 0.002605281690140845
14.638384590880722, 0.002682218309859155
15.081972002725593, 0.0027580985915492957
15.525559414570463, 0.002840492957746479
15.969146826415333, 0.0029191901408450703
16.412734238260203, 0.0030017605633802817
16.856321650105073, 0.003080281690140845
17.299909061949943, 0.0031681338028169016
17.743496473794814, 0.003247887323943662
18.187083885639687, 0.0033315140845070423
18.630671297484557, 0.0034036971830985916
19.074258709329428, 0.0034799295774647888
19.517846121174298, 0.003556338028169014
19.961433533019168, 0.0036441901408450703
20.405020944864038, 0.0037274647887323943
20.848608356708908, 0.0038047535211267604
21.29219576855378, 0.0038850352112676056
21.73578318039865, 0.003973239436619719
22.17937059224352, 0.004052640845070422
22.62295800408839, 0.004135035211267605
23.06654541593326, 0.0042052816901408455
23.51013282777813, 0.0042873239436619715
23.953720239623, 0.00437306338028169
24.39730765146787, 0.004456161971830986
24.840895063312743, 0.004536443661971831
25.284482475157613, 0.004619014084507042
25.728069887002484, 0.004695598591549296
26.171657298847354, 0.004772711267605634
26.615244710692224, 0.004850880281690141
27.058832122537094, 0.004932394366197183
27.502419534381964, 0.005007394366197183
27.946006946226834, 0.005085211267605634
28.389594358071705, 0.00515
28.833181769916575, 0.005207218309859155
29.276769181761445, 0.005259507042253521
29.720356593606315, 0.005306514084507042
30.163944005451185, 0.005344718309859155
30.607531417296055, 0.005377112676056338
31.051118829140925, 0.005394542253521126
31.494706240985796, 0.005407042253521127
31.938293652830666, 0.005425
32.38188106467554, 0.005453169014084507
32.825468476520406, 0.005453345070422535
33.26905588836528, 0.005447711267605634
33.712643300210146, 0.005446478873239437
34.15623071205502, 0.005448943661971831
34.59981812389989, 0.005447887323943662
35.04340553574476, 0.0054549295774647885
35.48699294758963, 0.005460387323943662
35.9305803594345, 0.005450880281690141
36.374167771279375, 0.005458098591549295
36.81775518312424, 0.005455809859154929
37.261342594969115, 0.00545193661971831
37.70493000681398, 0.005452464788732394
38.148517418658855, 0.005445950704225352
38.59210483050372, 0.005446302816901409
39.035692242348595, 0.005448767605633803
39.47927965419346, 0.005447007042253521
39.922867066038336, 0.005448239436619718
40.3664544778832, 0.0054538732394366195
40.810041889728076, 0.0054559859154929575
41.25362930157294, 0.005448767605633803
41.697216713417816, 0.005434507042253521
42.14080412526268, 0.005434507042253521
42.58439153710756, 0.005434683098591549
43.02797894895243, 0.005436971830985915
43.4715663607973, 0.005436619718309859
43.91515377264217, 0.005438204225352112
